Data_Hora,Destino,Valor_Antigo,Valor_Novo,Variacao
2025-04-29 14:06:10,Rio de Janeiro,3500,3501,1
2025-04-29 14:06:17,CARIBE,4200,4351,151
2025-04-29 14:06:24,MÉXICO,4100,4246,146
2025-04-29 14:06:34,Rio de Janeiro,3501,3761,260
2025-04-29 14:06:40,ÁSIA,7200,7379,179
2025-04-29 14:06:49,EUROPA,6400,6444,44
2025-04-29 14:06:56,BRASIL,3700,3646,-54
2025-04-29 14:07:01,ÁSIA,7379,7134,-245
2025-04-29 14:07:11,ÁSIA,7134,6891,-243
2025-04-29 14:07:17,BRASIL,3646,3500,-146
2025-04-29 14:07:24,MÉXICO,4246,4465,219
2025-04-29 14:07:29,BRASIL,3500,3762,262
2025-04-29 14:07:35,Rio de Janeiro,3761,3964,203
2025-04-29 14:07:40,MÉXICO,4465,4502,37
2025-04-29 14:07:49,MÉXICO,4502,4494,-8
2025-04-29 14:07:59,CARIBE,4351,4232,-119
2025-04-29 14:08:09,Rio de Janeiro,3964,3722,-242
2025-04-29 14:08:15,MÉXICO,4494,4445,-49
2025-04-29 14:08:20,CARIBE,4232,4367,135
2025-04-29 14:08:25,Rio de Janeiro,3722,4005,283
2025-04-29 14:08:30,EUROPA,6444,6738,294
2025-04-29 14:08:36,MÉXICO,4445,4225,-220
2025-04-29 14:08:41,MÉXICO,4225,4451,226
2025-04-29 14:08:48,ÁSIA,6891,7179,288
2025-04-29 14:08:55,ÁSIA,7179,7314,135
2025-04-29 14:09:04,MÉXICO,4451,4650,199
2025-04-29 14:09:13,BRASIL,3762,3913,151
2025-04-29 14:09:22,MÉXICO,4650,4400,-250
2025-04-29 14:09:29,CARIBE,4367,4298,-69
2025-04-29 14:09:39,ÁSIA,7314,7054,-260
2025-04-29 14:09:49,EUROPA,6738,6787,49
2025-04-29 14:09:55,BRASIL,3913,4166,253
2025-04-29 14:10:01,MÉXICO,4400,4605,205
2025-04-29 14:10:10,MÉXICO,4605,4630,25
2025-04-29 14:10:16,ÁSIA,7054,6936,-118
2025-04-29 14:10:23,Rio de Janeiro,4005,4162,157
2025-04-29 14:10:32,EUROPA,6787,6735,-52
2025-04-29 14:10:39,EUROPA,6735,6950,215
2025-04-29 14:10:46,CARIBE,4298,4037,-261
2025-04-29 14:10:51,Rio de Janeiro,4162,4117,-45
2025-04-29 14:10:58,Rio de Janeiro,4117,4059,-58
2025-04-29 14:11:06,MÉXICO,4630,4686,56
2025-04-29 14:11:14,EUROPA,6950,6704,-246
2025-04-29 14:11:24,MÉXICO,4686,4575,-111
2025-04-29 14:11:33,CARIBE,4037,3797,-240
2025-04-29 14:11:42,MÉXICO,4575,4480,-95
2025-04-29 14:11:51,CARIBE,3797,3688,-109
2025-04-29 14:11:59,MÉXICO,4480,4523,43
2025-04-29 14:12:09,EUROPA,6704,6622,-82
2025-04-29 14:12:15,Rio de Janeiro,4059,3945,-114
2025-04-29 14:12:22,BRASIL,4166,4406,240
2025-04-29 14:12:28,Rio de Janeiro,3945,4235,290
2025-04-29 14:12:38,BRASIL,4406,4218,-188
2025-04-29 14:12:43,EUROPA,6622,6424,-198
2025-04-29 14:12:48,Rio de Janeiro,4235,4487,252
2025-04-29 14:12:54,MÉXICO,4523,4604,81
2025-04-29 14:13:04,CARIBE,3688,3760,72
2025-04-29 14:13:09,ÁSIA,6936,6976,40
2025-04-29 14:13:15,CARIBE,3760,4014,254
2025-04-29 14:13:23,EUROPA,6424,6331,-93
2025-04-29 14:13:32,ÁSIA,6976,7079,103
2025-04-29 14:13:38,ÁSIA,7079,6961,-118
2025-04-29 14:13:45,BRASIL,4218,3959,-259
2025-04-29 14:13:51,MÉXICO,4604,4724,120
2025-04-29 14:14:01,BRASIL,3959,4115,156
2025-04-29 14:14:09,CARIBE,4014,4163,149
2025-04-29 14:14:16,CARIBE,4163,3978,-185
2025-04-29 14:14:24,BRASIL,4115,4175,60
2025-04-29 14:14:29,BRASIL,4175,4054,-121
2025-04-29 14:14:38,MÉXICO,4724,4501,-223
2025-04-29 14:14:46,Rio de Janeiro,4487,4446,-41
2025-04-29 14:14:55,BRASIL,4054,4042,-12
2025-04-29 14:15:04,BRASIL,4042,4090,48
2025-04-29 14:15:14,BRASIL,4090,4248,158
2025-04-29 14:15:21,Rio de Janeiro,4446,4210,-236
2025-04-29 14:15:28,EUROPA,6331,6361,30
2025-04-29 14:15:33,Rio de Janeiro,4210,3930,-280
2025-04-29 14:15:39,CARIBE,3978,4007,29
2025-04-29 14:15:45,BRASIL,4248,4290,42
2025-04-29 14:15:54,ÁSIA,6961,7160,199
2025-04-29 14:16:00,ÁSIA,7160,6950,-210
2025-04-29 14:16:06,CARIBE,4007,3988,-19
2025-04-29 14:16:14,CARIBE,3988,3905,-83
2025-04-29 14:16:19,MÉXICO,4501,4362,-139
2025-04-29 14:16:26,CARIBE,3905,3742,-163
2025-04-29 14:16:34,Rio de Janeiro,3930,4069,139
2025-04-29 14:16:44,Rio de Janeiro,4069,4361,292
2025-04-29 14:16:54,CARIBE,3742,3529,-213
2025-04-29 14:16:59,CARIBE,3529,3307,-222
2025-04-29 14:17:09,BRASIL,4290,4032,-258
2025-04-29 14:17:17,MÉXICO,4362,4172,-190
2025-04-29 14:17:22,EUROPA,6361,6207,-154
2025-04-29 14:17:28,BRASIL,4032,4167,135
2025-04-29 14:17:37,BRASIL,4167,3922,-245
2025-04-29 14:17:42,BRASIL,3922,3989,67
2025-04-29 14:17:47,EUROPA,6207,6436,229
2025-04-29 14:17:55,MÉXICO,4172,4182,10
2025-04-29 14:18:04,CARIBE,3307,3336,29
2025-04-29 14:18:11,MÉXICO,4182,4265,83
2025-04-29 14:18:18,MÉXICO,4265,4052,-213
2025-04-29 14:18:23,ÁSIA,6950,7221,271
2025-04-29 14:18:30,Rio de Janeiro,4361,4357,-4
2025-04-29 14:18:39,Rio de Janeiro,4357,4201,-156
2025-04-29 14:18:47,EUROPA,6436,6499,63
2025-04-29 14:18:57,MÉXICO,4052,4224,172
2025-04-29 14:19:07,ÁSIA,7221,7238,17
2025-04-29 14:19:12,BRASIL,3989,3800,-189
2025-04-29 14:19:17,EUROPA,6499,6284,-215
2025-04-29 14:19:25,CARIBE,3336,3196,-140
2025-04-29 14:19:34,BRASIL,3800,3667,-133
2025-04-29 14:19:44,BRASIL,3667,3574,-93
2025-04-29 14:19:51,Rio de Janeiro,4201,4276,75
2025-04-29 14:19:59,CARIBE,3196,2942,-254
2025-04-29 14:20:08,EUROPA,6284,6056,-228
2025-04-29 14:20:13,ÁSIA,7238,7486,248
2025-04-29 14:20:18,MÉXICO,4224,3960,-264
2025-04-29 14:20:23,BRASIL,3574,3326,-248
2025-04-29 14:20:28,Rio de Janeiro,4276,4116,-160
2025-04-29 14:20:38,CARIBE,2942,3073,131
2025-04-29 14:20:45,BRASIL,3326,3573,247
2025-04-29 14:20:53,Rio de Janeiro,4116,4401,285
2025-04-29 14:20:58,CARIBE,3073,3059,-14
2025-04-29 14:21:05,CARIBE,3059,2776,-283
2025-04-29 14:21:11,BRASIL,3573,3315,-258
2025-04-29 14:21:19,BRASIL,3315,3229,-86
2025-04-29 14:21:28,ÁSIA,7486,7346,-140
2025-04-29 14:21:35,ÁSIA,7346,7252,-94
2025-04-29 14:21:40,BRASIL,3229,3180,-49
2025-04-29 14:21:50,ÁSIA,7252,7082,-170
2025-04-29 14:21:55,MÉXICO,3960,3854,-106
2025-04-29 14:22:05,BRASIL,3180,3393,213
2025-04-29 14:22:13,ÁSIA,7082,7112,30
2025-04-29 14:22:20,ÁSIA,7112,7023,-89
2025-04-29 14:22:27,Rio de Janeiro,4401,4170,-231
2025-04-29 14:22:33,BRASIL,3393,3539,146
2025-04-29 14:22:41,EUROPA,6056,5796,-260
2025-04-29 14:22:47,ÁSIA,7023,6914,-109
2025-04-29 14:22:54,Rio de Janeiro,4170,4347,177
2025-04-29 14:23:03,CARIBE,2776,2604,-172
2025-04-29 14:23:10,MÉXICO,3854,3775,-79
2025-04-29 14:23:15,MÉXICO,3775,3605,-170
2025-04-29 14:23:22,BRASIL,3539,3523,-16
2025-04-29 14:23:31,Rio de Janeiro,4347,4385,38
2025-04-29 14:23:39,ÁSIA,6914,6904,-10
2025-04-29 14:23:45,BRASIL,3523,3634,111
2025-04-29 14:23:52,CARIBE,2604,2697,93
2025-04-29 14:23:57,EUROPA,5796,5965,169
2025-04-29 14:24:04,BRASIL,3634,3455,-179
2025-04-29 14:24:13,Rio de Janeiro,4385,4351,-34
2025-04-29 14:24:20,ÁSIA,6904,6860,-44
2025-04-29 14:24:29,Rio de Janeiro,4351,4635,284
2025-04-29 14:24:35,BRASIL,3700,3718,18
2025-04-29 14:24:42,CARIBE,4200,4254,54
2025-04-29 14:24:47,CARIBE,4254,4224,-30
2025-04-29 14:24:56,ÁSIA,7200,7287,87
2025-04-29 14:25:04,Rio de Janeiro,3500,3433,-67
2025-04-29 15:31:11,CARIBE,4200,4481,281
2025-04-29 15:31:16,ÁSIA,7200,7039,-161
2025-04-29 15:31:26,Rio de Janeiro,3500,3518,18
2025-04-29 15:31:32,EUROPA,6400,6673,273
2025-04-29 15:31:41,MÉXICO,4100,4074,-26
2025-04-29 15:31:50,MÉXICO,4100,3805,-295
2025-04-29 15:32:00,ÁSIA,7200,6983,-217
2025-04-29 15:32:10,MÉXICO,4100,3974,-126
2025-04-29 15:32:18,MÉXICO,4100,4017,-83
2025-04-29 15:32:25,MÉXICO,4100,3940,-160
2025-04-29 15:32:32,EUROPA,6400,6666,266
2025-04-29 15:32:40,ÁSIA,7200,6965,-235
2025-04-29 15:32:45,CARIBE,4200,3980,-220
2025-04-29 15:32:50,BRASIL,3700,3683,-17
2025-04-29 15:32:55,ÁSIA,7200,7055,-145
2025-04-29 15:33:01,EUROPA,6400,6181,-219
2025-04-29 15:33:11,ÁSIA,7200,7248,48
2025-04-29 15:33:16,Rio de Janeiro,3500,3629,129
2025-04-29 15:33:26,Rio de Janeiro,3500,3454,-46
2025-04-29 15:33:35,MÉXICO,4100,4257,157
2025-04-29 15:33:45,Rio de Janeiro,3500,3748,248
2025-04-29 15:33:52,EUROPA,6400,6284,-116
2025-04-29 15:33:59,CARIBE,4200,4417,217
2025-04-29 15:34:07,EUROPA,6400,6113,-287
2025-04-29 15:34:15,Rio de Janeiro,3500,3716,216
2025-04-29 15:34:20,Rio de Janeiro,3500,3738,238
2025-04-29 15:34:30,EUROPA,6400,6227,-173
2025-04-29 15:34:40,CARIBE,4200,3987,-213
2025-04-29 15:34:45,CARIBE,4200,4424,224
2025-04-29 15:34:52,CARIBE,4200,4231,31
2025-04-29 15:35:00,ÁSIA,7200,6930,-270
2025-04-29 15:35:10,MÉXICO,4100,4196,96
2025-04-29 15:35:17,Rio de Janeiro,3500,3427,-73
2025-04-29 15:35:24,MÉXICO,4100,3894,-206
2025-04-29 15:35:32,MÉXICO,4100,4303,203
2025-04-29 15:35:37,ÁSIA,7200,7314,114
2025-04-29 15:35:44,CARIBE,4200,3937,-263
2025-04-29 15:35:54,ÁSIA,7200,7057,-143
2025-04-29 15:36:01,ÁSIA,7200,7234,34
2025-04-29 15:36:09,BRASIL,3700,3759,59
2025-04-29 15:36:14,ÁSIA,7200,7477,277
2025-04-29 15:36:20,CARIBE,4200,4211,11
2025-04-29 15:36:26,BRASIL,3700,3817,117
2025-04-29 15:36:36,BRASIL,3700,3488,-212
2025-04-29 15:36:44,CARIBE,4200,4264,64
2025-04-29 15:36:49,BRASIL,3700,3721,21
2025-04-29 15:36:55,ÁSIA,7200,7418,218
2025-04-29 15:37:00,CARIBE,4200,4367,167
2025-04-29 15:37:05,CARIBE,4200,4270,70
2025-04-29 15:37:11,EUROPA,6400,6649,249
2025-04-29 15:37:16,EUROPA,6400,6192,-208
2025-04-29 15:37:25,Rio de Janeiro,3500,3290,-210
2025-04-29 15:37:34,BRASIL,3700,3953,253
2025-04-30 16:11:11,ÁSIA,7200,7226,26
2025-04-30 16:11:19,EUROPA,6400,6479,79
2025-04-30 16:11:27,EUROPA,6400,6522,122
2025-04-30 16:11:34,Rio de Janeiro,3500,3673,173
2025-04-30 16:11:43,ÁSIA,7200,7255,55
2025-04-30 16:11:49,Rio de Janeiro,3500,3396,-104
2025-04-30 16:11:56,MÉXICO,4100,3956,-144
2025-04-30 16:12:02,CARIBE,4200,4037,-163
2025-04-30 16:12:07,BRASIL,3700,3885,185
2025-04-30 16:12:14,BRASIL,3700,3724,24
2025-04-30 16:12:24,MÉXICO,4100,4276,176
2025-04-30 16:12:32,MÉXICO,4100,4264,164
2025-04-30 16:12:38,Rio de Janeiro,3500,3250,-250
2025-04-30 16:12:48,MÉXICO,4100,3968,-132
2025-04-30 16:12:58,ÁSIA,7200,7162,-38
2025-04-30 16:13:03,ÁSIA,7200,7291,91
2025-04-30 16:13:12,EUROPA,6400,6537,137
2025-04-30 16:13:21,MÉXICO,4100,4256,156
2025-04-30 16:13:27,BRASIL,3700,3637,-63
2025-04-30 16:13:36,CARIBE,4200,4485,285
2025-04-30 16:13:45,BRASIL,3700,3531,-169
2025-04-30 16:13:54,BRASIL,3700,3798,98
2025-04-30 16:14:03,CARIBE,4200,4011,-189
2025-04-30 16:14:08,MÉXICO,4100,4188,88
2025-04-30 16:14:18,MÉXICO,4100,4204,104
2025-04-30 16:14:24,ÁSIA,7200,7305,105
2025-04-30 16:18:35,Rio de Janeiro,3500,3376,-124
2025-04-30 16:18:41,Rio de Janeiro,3500,3697,197
2025-04-30 16:18:49,MÉXICO,4100,4321,221
2025-04-30 16:18:58,BRASIL,3700,3516,-184
2025-04-30 16:19:07,BRASIL,3700,3508,-192
2025-04-30 16:19:13,CARIBE,4200,4091,-109
2025-04-30 16:19:20,MÉXICO,4100,4297,197
2025-04-30 16:19:26,BRASIL,3700,3508,-192
2025-04-30 16:19:33,Rio de Janeiro,3500,3369,-131
2025-04-30 16:19:43,EUROPA,6400,6665,265
2025-04-30 16:19:53,Rio de Janeiro,3500,3499,-1
2025-04-30 16:20:01,ÁSIA,7200,6977,-223
2025-04-30 16:20:08,CARIBE,4200,4137,-63
2025-04-30 16:20:18,EUROPA,6400,6438,38
2025-04-30 16:20:25,Rio de Janeiro,3500,3582,82
2025-04-30 16:20:32,CARIBE,4200,4196,-4
2025-04-30 16:20:38,EUROPA,6400,6602,202
2025-04-30 16:20:47,MÉXICO,4100,4377,277
2025-04-30 16:20:57,EUROPA,6400,6638,238
2025-04-30 16:21:05,BRASIL,3700,3993,293
2025-04-30 16:21:13,Rio de Janeiro,3500,3278,-222
2025-04-30 16:21:22,ÁSIA,7200,7285,85
2025-04-30 16:21:28,EUROPA,6400,6444,44
2025-04-30 16:21:36,EUROPA,6400,6371,-29
2025-04-30 16:21:45,CARIBE,4200,3935,-265
2025-04-30 16:21:55,CARIBE,4200,4251,51
2025-04-30 16:22:02,CARIBE,4200,4431,231
2025-04-30 16:22:11,Rio de Janeiro,3500,3285,-215
2025-04-30 16:22:20,EUROPA,6400,6428,28
2025-04-30 16:22:27,Rio de Janeiro,3500,3658,158
2025-04-30 16:22:33,MÉXICO,4100,4137,37
2025-04-30 16:22:42,Rio de Janeiro,3500,3292,-208
2025-04-30 16:22:48,ÁSIA,7200,7419,219
2025-04-30 16:22:54,EUROPA,6400,6364,-36
2025-04-30 16:23:04,ÁSIA,7200,7412,212
2025-04-30 16:23:11,EUROPA,6400,6348,-52
2025-04-30 16:23:16,MÉXICO,4100,4127,27
2025-04-30 16:23:26,CARIBE,4200,4317,117
2025-04-30 16:23:35,EUROPA,6400,6117,-283
2025-04-30 16:23:41,MÉXICO,4100,4380,280
2025-04-30 16:23:46,MÉXICO,4100,3952,-148
2025-04-30 16:23:55,ÁSIA,7200,7461,261
2025-04-30 16:24:03,BRASIL,3700,3840,140
2025-04-30 16:24:09,BRASIL,3700,3917,217
2025-04-30 16:24:16,ÁSIA,7200,7400,200
2025-04-30 16:24:22,BRASIL,3700,3776,76
2025-04-30 16:24:32,ÁSIA,7200,7091,-109
2025-04-30 16:24:42,MÉXICO,4100,3816,-284
2025-04-30 16:24:52,EUROPA,6400,6188,-212
2025-04-30 16:24:59,Rio de Janeiro,3500,3308,-192
2025-04-30 16:25:06,ÁSIA,7200,7222,22
2025-04-30 16:25:14,Rio de Janeiro,3500,3682,182
2025-04-30 16:25:22,CARIBE,4200,4383,183
2025-04-30 16:25:28,Rio de Janeiro,3500,3680,180
2025-04-30 16:25:37,MÉXICO,4100,3819,-281
2025-04-30 16:25:46,EUROPA,6400,6458,58
2025-04-30 16:25:55,EUROPA,6400,6567,167
2025-04-30 16:26:03,MÉXICO,4100,4201,101
2025-04-30 16:26:12,Rio de Janeiro,3500,3774,274
2025-04-30 16:26:22,MÉXICO,4100,3867,-233
2025-04-30 16:26:31,EUROPA,6400,6335,-65
2025-04-30 16:26:38,Rio de Janeiro,3500,3540,40
2025-04-30 16:26:46,BRASIL,3700,3916,216
2025-04-30 16:26:51,ÁSIA,7200,7209,9
2025-04-30 16:26:56,BRASIL,3700,3524,-176
2025-04-30 16:27:02,MÉXICO,4100,3943,-157
2025-04-30 16:27:11,EUROPA,6400,6582,182
2025-04-30 16:27:19,Rio de Janeiro,3500,3748,248
2025-04-30 16:27:29,ÁSIA,7200,7284,84
2025-04-30 16:27:35,Rio de Janeiro,3500,3406,-94
2025-04-30 16:27:43,BRASIL,3700,3692,-8
2025-04-30 16:27:50,Rio de Janeiro,3500,3595,95
2025-04-30 16:27:55,EUROPA,6400,6345,-55
2025-04-30 16:28:04,CARIBE,4200,4466,266
2025-04-30 16:28:11,CARIBE,4200,4260,60
2025-04-30 16:28:17,EUROPA,6400,6386,-14
2025-04-30 16:28:24,ÁSIA,7200,7091,-109
2025-04-30 16:28:30,BRASIL,3700,3401,-299
2025-04-30 16:28:38,ÁSIA,7200,7480,280
2025-04-30 16:28:47,EUROPA,6400,6268,-132
2025-04-30 16:28:53,Rio de Janeiro,3500,3539,39
2025-04-30 16:29:03,MÉXICO,4100,4332,232
2025-04-30 16:29:08,EUROPA,6400,6449,49
2025-04-30 16:29:16,BRASIL,3700,3485,-215
2025-04-30 16:29:23,ÁSIA,7200,7235,35
2025-04-30 16:29:33,EUROPA,6400,6302,-98
2025-04-30 16:29:40,MÉXICO,4100,4205,105
2025-04-30 16:29:45,ÁSIA,7200,7385,185
2025-04-30 16:29:55,MÉXICO,4100,3868,-232
2025-04-30 16:30:01,MÉXICO,4100,4010,-90
2025-04-30 16:30:07,CARIBE,4200,4431,231
2025-04-30 16:30:14,BRASIL,3700,3932,232
2025-04-30 16:30:24,Rio de Janeiro,3500,3638,138
2025-04-30 16:30:30,ÁSIA,7200,7244,44
2025-04-30 16:30:38,BRASIL,3700,3927,227
2025-04-30 16:30:47,BRASIL,3700,3608,-92
2025-04-30 16:30:56,MÉXICO,4100,3876,-224
2025-04-30 16:31:04,BRASIL,3700,3848,148
2025-04-30 16:31:09,MÉXICO,4100,4178,78
2025-04-30 16:31:18,ÁSIA,7200,7313,113
2025-04-30 16:31:28,BRASIL,3700,3874,174
2025-04-30 16:31:38,MÉXICO,4100,4150,50
2025-04-30 16:31:46,EUROPA,6400,6420,20
2025-04-30 16:31:52,EUROPA,6400,6173,-227
2025-04-30 16:32:00,EUROPA,6400,6420,20
2025-04-30 16:32:10,Rio de Janeiro,3500,3292,-208
2025-04-30 16:32:18,ÁSIA,7200,7454,254
2025-04-30 16:32:26,BRASIL,3700,3672,-28
2025-04-30 16:32:34,MÉXICO,4100,4247,147
2025-04-30 16:32:43,CARIBE,4200,4110,-90
2025-04-30 16:32:48,CARIBE,4200,4019,-181
2025-04-30 16:32:54,BRASIL,3700,3971,271
2025-04-30 16:33:02,CARIBE,4200,4016,-184
2025-04-30 16:33:10,EUROPA,6400,6285,-115
2025-04-30 16:33:19,MÉXICO,4100,4389,289
2025-04-30 16:33:29,CARIBE,4200,3947,-253
2025-04-30 16:33:38,ÁSIA,7200,7253,53
2025-04-30 16:33:47,EUROPA,6400,6687,287
2025-04-30 16:35:36,EUROPA,6400,6144,-256
2025-04-30 16:35:46,BRASIL,3700,3458,-242
2025-04-30 16:35:56,BRASIL,3700,3998,298
2025-04-30 16:36:05,ÁSIA,7200,7277,77
2025-04-30 16:36:10,EUROPA,6400,6570,170
2025-04-30 16:36:17,EUROPA,6400,6293,-107
2025-04-30 16:36:24,ÁSIA,7200,6946,-254
2025-04-30 16:36:32,Rio de Janeiro,3500,3237,-263
2025-04-30 16:36:38,MÉXICO,4100,4295,195
2025-04-30 16:36:47,EUROPA,6400,6441,41
2025-04-30 16:36:53,CARIBE,4200,4185,-15
2025-04-30 16:37:02,MÉXICO,4100,4343,243
2025-04-30 16:37:12,MÉXICO,4100,3800,-300
2025-04-30 16:37:21,BRASIL,3700,3793,93
2025-04-30 16:37:30,BRASIL,3700,3552,-148
2025-04-30 16:37:39,CARIBE,4200,4198,-2
2025-04-30 16:37:48,ÁSIA,7200,7090,-110
2025-04-30 16:37:58,MÉXICO,4100,3822,-278
2025-04-30 16:38:06,ÁSIA,7200,7393,193
2025-04-30 16:38:16,Rio de Janeiro,3500,3449,-51
2025-04-30 16:38:24,MÉXICO,4100,4161,61
2025-04-30 16:38:31,ÁSIA,7200,7381,181
2025-04-30 16:38:38,Rio de Janeiro,3500,3335,-165
2025-04-30 16:38:45,EUROPA,6400,6157,-243
2025-04-30 16:38:55,BRASIL,3700,3955,255
2025-04-30 16:39:04,ÁSIA,7200,7488,288
2025-04-30 16:39:11,BRASIL,3700,3638,-62
2025-04-30 16:39:19,EUROPA,6400,6473,73
2025-04-30 16:39:28,ÁSIA,7200,7208,8
2025-04-30 16:39:38,ÁSIA,7200,7049,-151
2025-04-30 16:39:43,ÁSIA,7200,7369,169
2025-04-30 16:39:52,EUROPA,6400,6379,-21
2025-04-30 16:40:01,MÉXICO,4100,4119,19
2025-04-30 16:40:10,ÁSIA,7200,7319,119
2025-04-30 16:40:17,BRASIL,3700,3822,122
2025-04-30 16:40:26,Rio de Janeiro,3500,3640,140
2025-04-30 16:40:32,ÁSIA,7200,7331,131
2025-04-30 16:40:41,Rio de Janeiro,3500,3644,144
2025-04-30 16:40:51,MÉXICO,4100,3817,-283
2025-04-30 16:40:59,BRASIL,3700,3709,9
2025-04-30 16:41:06,BRASIL,3700,3498,-202
2025-04-30 16:41:13,ÁSIA,7200,7457,257
2025-04-30 16:41:20,MÉXICO,4100,3804,-296
2025-04-30 16:41:26,MÉXICO,4100,4366,266
2025-04-30 16:41:35,Rio de Janeiro,3500,3777,277
2025-04-30 16:41:44,Rio de Janeiro,3500,3228,-272
2025-04-30 16:41:50,CARIBE,4200,4274,74
2025-04-30 16:41:57,MÉXICO,4100,4305,205
2025-04-30 16:42:06,MÉXICO,4100,4348,248
2025-04-30 16:42:13,ÁSIA,7200,7250,50
2025-04-30 16:42:22,EUROPA,6400,6266,-134
2025-04-30 16:42:29,CARIBE,4200,4246,46
2025-04-30 16:42:34,BRASIL,3700,3933,233
2025-04-30 16:42:42,EUROPA,6400,6495,95
2025-04-30 16:42:47,CARIBE,4200,4261,61
2025-04-30 16:42:52,BRASIL,3700,3807,107
2025-04-30 16:43:00,BRASIL,3700,3603,-97
2025-04-30 16:43:08,MÉXICO,4100,4082,-18
2025-04-30 16:43:18,BRASIL,3700,3713,13
2025-04-30 16:43:28,EUROPA,6400,6397,-3
2025-04-30 16:43:34,BRASIL,3700,3791,91
2025-04-30 16:43:43,MÉXICO,4100,4208,108
2025-04-30 16:43:52,EUROPA,6400,6215,-185
2025-04-30 16:44:00,ÁSIA,7200,7420,220
2025-04-30 16:44:10,CARIBE,4200,4320,120
2025-04-30 16:44:19,BRASIL,3700,3434,-266
2025-04-30 16:44:25,EUROPA,6400,6505,105
2025-04-30 16:44:30,MÉXICO,4100,3921,-179
2025-04-30 16:44:38,CARIBE,4200,4379,179
2025-04-30 16:44:45,Rio de Janeiro,3500,3350,-150
2025-04-30 16:44:51,EUROPA,6400,6269,-131
2025-04-30 16:45:00,ÁSIA,7200,7228,28
2025-04-30 16:45:08,MÉXICO,4100,4383,283
2025-04-30 16:45:14,BRASIL,3700,3573,-127
2025-04-30 16:45:21,MÉXICO,4100,3825,-275
2025-04-30 16:45:30,ÁSIA,7200,7019,-181
2025-04-30 16:45:38,Rio de Janeiro,3500,3677,177
2025-04-30 16:45:44,BRASIL,3700,3899,199
2025-04-30 16:45:52,CARIBE,4200,4490,290
2025-04-30 16:46:01,EUROPA,6400,6130,-270
2025-04-30 16:46:11,ÁSIA,7200,7056,-144
2025-04-30 16:46:16,MÉXICO,4100,4346,246
2025-04-30 16:46:23,MÉXICO,4100,4030,-70
2025-04-30 16:46:30,MÉXICO,4100,3837,-263
2025-04-30 16:46:35,BRASIL,3700,3563,-137
2025-04-30 16:46:45,MÉXICO,4100,4298,198
2025-04-30 16:46:55,MÉXICO,4100,4212,112
2025-04-30 16:47:03,ÁSIA,7200,7482,282
2025-04-30 16:47:11,ÁSIA,7200,7057,-143
2025-04-30 16:47:17,Rio de Janeiro,3500,3653,153
2025-04-30 16:47:24,Rio de Janeiro,3500,3617,117
2025-04-30 16:47:29,EUROPA,6400,6348,-52
2025-04-30 16:47:38,BRASIL,3700,3833,133
2025-04-30 16:47:47,Rio de Janeiro,3500,3231,-269
2025-04-30 16:47:56,MÉXICO,4100,4071,-29
2025-04-30 16:48:05,EUROPA,6400,6497,97
2025-04-30 16:48:14,Rio de Janeiro,3500,3266,-234
2025-04-30 16:48:21,MÉXICO,4100,4227,127
2025-04-30 16:48:27,EUROPA,6400,6301,-99
2025-04-30 16:48:32,Rio de Janeiro,3500,3552,52
2025-04-30 16:48:42,MÉXICO,4100,3979,-121
2025-04-30 16:48:51,EUROPA,6400,6281,-119
2025-04-30 16:48:57,EUROPA,6400,6331,-69
2025-04-30 16:49:05,Rio de Janeiro,3500,3217,-283
2025-04-30 16:49:13,CARIBE,4200,3976,-224
2025-04-30 16:49:20,CARIBE,4200,4155,-45
2025-04-30 16:49:30,BRASIL,3700,3742,42
2025-04-30 16:49:35,MÉXICO,4100,4341,241
2025-04-30 16:49:40,Rio de Janeiro,3500,3295,-205
2025-04-30 16:49:49,BRASIL,3700,3837,137
2025-04-30 16:49:58,BRASIL,3700,3580,-120
2025-04-30 16:50:06,BRASIL,3700,3731,31
2025-04-30 16:50:15,Rio de Janeiro,3500,3580,80
2025-04-30 16:50:24,Rio de Janeiro,3500,3231,-269
2025-04-30 16:50:32,EUROPA,6400,6312,-88
2025-04-30 16:50:37,EUROPA,6400,6211,-189
2025-04-30 16:50:46,Rio de Janeiro,3500,3770,270
2025-04-30 16:50:54,Rio de Janeiro,3500,3307,-193
2025-04-30 16:51:04,BRASIL,3700,3839,139
2025-04-30 16:51:12,EUROPA,6400,6437,37
2025-04-30 16:51:20,ÁSIA,7200,6943,-257
2025-04-30 16:51:28,CARIBE,4200,3998,-202
2025-04-30 16:51:33,EUROPA,6400,6538,138
2025-04-30 16:51:42,ÁSIA,7200,7047,-153
2025-04-30 16:51:47,EUROPA,6400,6699,299
2025-04-30 16:51:52,Rio de Janeiro,3500,3215,-285
2025-04-30 16:52:00,EUROPA,6400,6246,-154
2025-04-30 16:52:09,EUROPA,6400,6235,-165
2025-04-30 16:52:19,MÉXICO,4100,3856,-244
2025-04-30 16:52:25,Rio de Janeiro,3500,3652,152
2025-04-30 16:52:34,Rio de Janeiro,3500,3211,-289
2025-04-30 16:52:43,EUROPA,6400,6337,-63
2025-04-30 16:52:50,BRASIL,3700,3500,-200
2025-04-30 16:52:57,MÉXICO,4100,3907,-193
2025-04-30 16:53:06,EUROPA,6400,6470,70
2025-04-30 16:53:16,ÁSIA,7200,7090,-110
2025-04-30 16:53:23,MÉXICO,4100,4281,181
2025-04-30 16:53:32,BRASIL,3700,3896,196
2025-04-30 16:53:38,EUROPA,6400,6189,-211
2025-04-30 16:53:43,EUROPA,6400,6245,-155
2025-04-30 16:53:48,MÉXICO,4100,3888,-212
2025-04-30 16:53:53,Rio de Janeiro,3500,3759,259
2025-04-30 16:54:00,CARIBE,4200,4216,16
2025-04-30 16:54:06,ÁSIA,7200,7023,-177
2025-04-30 16:54:14,ÁSIA,7200,7470,270
2025-04-30 16:54:22,EUROPA,6400,6395,-5
2025-04-30 16:54:27,ÁSIA,7200,7046,-154
2025-04-30 16:54:36,BRASIL,3700,3982,282
2025-04-30 16:54:45,BRASIL,3700,3879,179
2025-04-30 16:54:50,EUROPA,6400,6686,286
2025-04-30 16:54:55,EUROPA,6400,6464,64
2025-04-30 16:55:00,EUROPA,6400,6585,185
2025-04-30 16:55:10,MÉXICO,4100,4360,260
2025-04-30 16:55:18,BRASIL,3700,3871,171
2025-04-30 16:55:28,CARIBE,4200,4040,-160
2025-04-30 16:55:38,Rio de Janeiro,3500,3764,264
2025-04-30 16:55:47,CARIBE,4200,4279,79
2025-04-30 16:55:53,MÉXICO,4100,4137,37
2025-04-30 16:56:00,ÁSIA,7200,7291,91
2025-04-30 16:56:07,CARIBE,4200,3908,-292
2025-04-30 16:56:13,ÁSIA,7200,7187,-13
2025-04-30 16:56:19,CARIBE,4200,4499,299
2025-04-30 16:56:25,ÁSIA,7200,7086,-114
2025-04-30 16:56:34,BRASIL,3700,3917,217
2025-04-30 16:56:39,MÉXICO,4100,3855,-245
2025-04-30 16:56:45,MÉXICO,4100,4039,-61
2025-04-30 16:56:50,CARIBE,4200,4247,47
2025-04-30 16:56:55,BRASIL,3700,3659,-41
2025-04-30 16:57:03,MÉXICO,4100,3863,-237
2025-04-30 16:57:10,MÉXICO,4100,3831,-269
2025-04-30 16:57:15,MÉXICO,4100,3835,-265
2025-04-30 16:57:24,CARIBE,4200,4131,-69
2025-04-30 16:57:33,CARIBE,4200,3948,-252
2025-04-30 16:57:40,ÁSIA,7200,7135,-65
2025-04-30 16:57:45,ÁSIA,7200,6955,-245
2025-04-30 16:57:50,CARIBE,4200,4446,246
2025-04-30 16:57:59,ÁSIA,7200,6987,-213
2025-04-30 16:58:08,ÁSIA,7200,7067,-133
2025-04-30 17:00:00,EUROPA,6400,6268,-132
2025-04-30 17:00:08,CARIBE,4200,4475,275
2025-04-30 17:00:14,MÉXICO,4100,4106,6
2025-04-30 17:00:23,CARIBE,4200,4218,18
2025-04-30 17:00:29,Rio de Janeiro,3500,3231,-269
2025-04-30 17:00:39,ÁSIA,7200,6939,-261
2025-04-30 17:00:48,EUROPA,6400,6508,108
2025-04-30 17:00:54,MÉXICO,4100,4220,120
2025-04-30 17:01:01,MÉXICO,4100,3870,-230
2025-04-30 17:01:09,ÁSIA,7200,7421,221
2025-04-30 17:01:17,CARIBE,4200,4060,-140
2025-04-30 17:01:22,MÉXICO,4100,4215,115
2025-04-30 17:01:30,Rio de Janeiro,3500,3791,291
2025-04-30 17:01:37,Rio de Janeiro,3500,3397,-103
2025-04-30 17:01:44,CARIBE,4200,4261,61
2025-04-30 17:01:53,BRASIL,3700,3612,-88
2025-04-30 17:02:02,BRASIL,3700,3835,135
2025-04-30 17:02:08,MÉXICO,4100,4089,-11
2025-04-30 17:02:13,BRASIL,3700,3760,60
2025-04-30 17:02:22,ÁSIA,7200,7290,90
2025-04-30 17:02:30,MÉXICO,4100,3896,-204
2025-04-30 17:02:39,BRASIL,3700,3994,294
2025-04-30 17:02:48,Rio de Janeiro,3500,3216,-284
2025-04-30 17:02:58,BRASIL,3700,3791,91
2025-04-30 17:03:06,ÁSIA,7200,7374,174
2025-04-30 17:03:15,EUROPA,6400,6441,41
2025-04-30 17:03:25,ÁSIA,7200,7117,-83
2025-04-30 17:03:30,MÉXICO,4100,3850,-250
2025-04-30 17:03:37,MÉXICO,4100,3932,-168
2025-04-30 17:03:46,BRASIL,3700,3680,-20
2025-04-30 17:03:53,EUROPA,6400,6595,195
2025-04-30 17:04:01,MÉXICO,4100,4046,-54
2025-04-30 17:04:08,EUROPA,6400,6321,-79
2025-04-30 17:04:17,CARIBE,4200,3969,-231
2025-04-30 17:04:24,CARIBE,4200,4351,151
2025-04-30 17:04:31,BRASIL,3700,3893,193
2025-04-30 17:04:40,BRASIL,3700,3711,11
2025-04-30 17:04:46,CARIBE,4200,4427,227
2025-04-30 17:04:56,Rio de Janeiro,3500,3341,-159
2025-04-30 17:05:05,CARIBE,4200,3973,-227
2025-04-30 17:05:14,EUROPA,6400,6100,-300
2025-04-30 17:05:21,Rio de Janeiro,3500,3258,-242
2025-04-30 17:05:30,ÁSIA,7200,7186,-14
2025-04-30 17:05:38,Rio de Janeiro,3500,3751,251
2025-04-30 17:05:43,EUROPA,6400,6552,152
2025-04-30 17:05:49,EUROPA,6400,6492,92
2025-04-30 17:05:58,ÁSIA,7200,7398,198
2025-04-30 17:06:06,MÉXICO,4100,4247,147
2025-04-30 17:06:13,Rio de Janeiro,3500,3390,-110
2025-04-30 17:06:20,BRASIL,3700,3957,257
2025-04-30 17:06:26,BRASIL,3700,3534,-166
2025-04-30 17:06:35,BRASIL,3700,3475,-225
2025-04-30 17:06:41,Rio de Janeiro,3500,3425,-75
2025-04-30 17:06:46,EUROPA,6400,6368,-32
2025-04-30 17:06:51,BRASIL,3700,3482,-218
2025-04-30 17:06:59,MÉXICO,4100,3991,-109
2025-04-30 17:07:09,MÉXICO,4100,4279,179
2025-04-30 17:07:18,BRASIL,3700,3467,-233
2025-04-30 17:07:25,BRASIL,3700,3901,201
2025-04-30 17:07:32,ÁSIA,7200,7180,-20
2025-04-30 17:07:37,CARIBE,4200,4003,-197
2025-04-30 17:07:47,BRASIL,3700,3529,-171
2025-04-30 17:07:53,CARIBE,4200,4439,239
2025-04-30 17:07:58,CARIBE,4200,4367,167
2025-04-30 17:08:07,BRASIL,3700,3598,-102
2025-04-30 17:08:13,Rio de Janeiro,3500,3416,-84
2025-04-30 17:08:20,EUROPA,6400,6550,150
2025-04-30 17:08:30,EUROPA,6400,6106,-294
2025-04-30 17:08:38,Rio de Janeiro,3500,3341,-159
2025-04-30 17:08:43,MÉXICO,4100,4026,-74
2025-04-30 17:08:50,Rio de Janeiro,3500,3307,-193
2025-04-30 17:09:00,ÁSIA,7200,7156,-44
2025-04-30 17:09:10,MÉXICO,4100,3877,-223
2025-04-30 17:09:19,Rio de Janeiro,3500,3312,-188
2025-04-30 17:09:28,EUROPA,6400,6136,-264
2025-04-30 17:09:33,Rio de Janeiro,3500,3263,-237
2025-04-30 17:09:40,EUROPA,6400,6614,214
2025-04-30 17:09:46,EUROPA,6400,6324,-76
2025-04-30 17:09:51,BRASIL,3700,3598,-102
2025-04-30 17:10:01,BRASIL,3700,3965,265
2025-04-30 17:10:07,MÉXICO,4100,4301,201
2025-04-30 17:10:14,ÁSIA,7200,7422,222
2025-04-30 17:10:20,EUROPA,6400,6402,2
2025-04-30 17:10:25,ÁSIA,7200,7386,186
2025-04-30 17:10:33,CARIBE,4200,4344,144
2025-04-30 17:10:42,Rio de Janeiro,3500,3281,-219
2025-04-30 17:10:48,BRASIL,3700,3825,125
2025-04-30 17:10:55,MÉXICO,4100,4150,50
2025-04-30 17:11:00,MÉXICO,4100,4384,284
2025-04-30 17:11:08,Rio de Janeiro,3500,3698,198
2025-04-30 17:11:17,EUROPA,6400,6502,102
2025-04-30 17:11:25,EUROPA,6400,6521,121
2025-04-30 17:11:32,Rio de Janeiro,3500,3566,66
2025-04-30 17:11:38,ÁSIA,7200,7150,-50
2025-04-30 17:11:45,CARIBE,4200,4073,-127
2025-04-30 17:11:51,ÁSIA,7200,6915,-285
2025-04-30 17:11:57,EUROPA,6400,6158,-242
2025-04-30 17:12:05,Rio de Janeiro,3500,3224,-276
2025-04-30 17:12:12,Rio de Janeiro,3500,3485,-15
2025-04-30 17:12:19,ÁSIA,7200,7167,-33
2025-04-30 17:12:29,Rio de Janeiro,3500,3760,260
2025-04-30 17:12:38,CARIBE,4200,3996,-204
2025-04-30 17:12:44,CARIBE,4200,4352,152
2025-04-30 17:12:50,BRASIL,3700,3879,179
2025-04-30 17:12:56,Rio de Janeiro,3500,3752,252
2025-04-30 17:13:02,MÉXICO,4100,4334,234
2025-04-30 17:13:10,ÁSIA,7200,7351,151
2025-04-30 17:13:15,BRASIL,3700,3940,240
2025-04-30 17:13:20,BRASIL,3700,3858,158
2025-04-30 17:13:29,Rio de Janeiro,3500,3432,-68
2025-04-30 17:13:39,Rio de Janeiro,3500,3755,255
2025-04-30 17:13:44,EUROPA,6400,6532,132
2025-04-30 17:13:49,ÁSIA,7200,7362,162
2025-04-30 17:13:58,ÁSIA,7200,7168,-32
2025-04-30 17:14:07,BRASIL,3700,3422,-278
2025-04-30 17:14:15,Rio de Janeiro,3500,3260,-240
2025-04-30 17:14:23,CARIBE,4200,4175,-25
2025-04-30 17:14:30,MÉXICO,4100,4028,-72
2025-04-30 17:14:35,BRASIL,3700,3903,203
2025-04-30 17:14:45,CARIBE,4200,4066,-134
2025-04-30 17:14:56,Rio de Janeiro,3500,3495,-5
2025-04-30 17:15:02,MÉXICO,4100,3808,-292
2025-04-30 17:15:10,ÁSIA,7200,7320,120
2025-04-30 17:15:19,MÉXICO,4100,3846,-254
2025-04-30 17:15:28,BRASIL,3700,3460,-240
2025-04-30 17:15:37,BRASIL,3700,3842,142
2025-04-30 17:15:43,BRASIL,3700,3797,97
2025-04-30 17:15:52,MÉXICO,4100,4076,-24
2025-04-30 17:15:57,ÁSIA,7200,7013,-187
2025-04-30 17:16:02,BRASIL,3700,3797,97
2025-04-30 17:16:07,Rio de Janeiro,3500,3357,-143
2025-04-30 17:16:12,ÁSIA,7200,7443,243
2025-04-30 17:16:19,MÉXICO,4100,3916,-184
2025-04-30 17:16:27,CARIBE,4200,4373,173
2025-04-30 17:16:35,BRASIL,3700,3654,-46
2025-04-30 17:16:43,ÁSIA,7200,7047,-153
2025-04-30 17:16:48,Rio de Janeiro,3500,3212,-288
2025-04-30 17:16:56,Rio de Janeiro,3500,3735,235
2025-04-30 17:17:05,Rio de Janeiro,3500,3576,76
2025-04-30 17:17:11,ÁSIA,7200,7082,-118
2025-04-30 17:17:19,ÁSIA,7200,7329,129
2025-04-30 17:17:29,ÁSIA,7200,7084,-116
2025-04-30 17:17:39,MÉXICO,4100,4019,-81
2025-04-30 17:17:49,Rio de Janeiro,3500,3458,-42
2025-04-30 17:17:59,Rio de Janeiro,3500,3506,6
2025-04-30 17:18:06,CARIBE,4200,4470,270
2025-04-30 17:18:14,EUROPA,6400,6124,-276
2025-04-30 17:18:21,EUROPA,6400,6685,285
2025-04-30 17:18:26,EUROPA,6400,6185,-215
2025-04-30 17:18:36,CARIBE,4200,4342,142
2025-04-30 17:18:42,ÁSIA,7200,6961,-239
2025-04-30 17:18:50,BRASIL,3700,3581,-119
2025-04-30 17:18:59,EUROPA,6400,6600,200
2025-04-30 17:19:08,CARIBE,4200,4112,-88
2025-04-30 17:19:16,MÉXICO,4100,4348,248
2025-04-30 17:19:23,BRASIL,3700,3490,-210
2025-04-30 17:19:31,EUROPA,6400,6397,-3
2025-04-30 17:19:40,MÉXICO,4100,3969,-131
2025-04-30 17:19:48,CARIBE,4200,4053,-147
2025-04-30 17:19:58,Rio de Janeiro,3500,3220,-280
2025-04-30 17:20:03,MÉXICO,4100,4377,277
2025-04-30 17:20:10,MÉXICO,4100,4400,300
2025-04-30 17:20:16,MÉXICO,4100,3837,-263
2025-04-30 17:20:22,Rio de Janeiro,3500,3651,151
2025-04-30 17:20:31,CARIBE,4200,4310,110
2025-04-30 17:20:39,BRASIL,3700,3683,-17
2025-04-30 17:20:47,ÁSIA,7200,7150,-50
2025-04-30 17:20:53,Rio de Janeiro,3500,3474,-26
2025-04-30 17:20:58,BRASIL,3700,3966,266
2025-04-30 17:21:06,BRASIL,3700,3721,21
2025-04-30 17:21:16,BRASIL,3700,3753,53
2025-04-30 17:21:23,ÁSIA,7200,7050,-150
2025-04-30 17:21:33,EUROPA,6400,6258,-142
2025-04-30 17:21:43,EUROPA,6400,6265,-135
2025-04-30 17:21:53,MÉXICO,4100,4049,-51
2025-04-30 17:22:03,BRASIL,3700,3854,154
2025-04-30 17:22:13,CARIBE,4200,4027,-173
2025-04-30 17:22:20,CARIBE,4200,4410,210
2025-04-30 17:22:30,ÁSIA,7200,7088,-112
2025-04-30 17:22:40,Rio de Janeiro,3500,3684,184
2025-04-30 17:22:49,MÉXICO,4100,4054,-46
2025-04-30 17:22:54,Rio de Janeiro,3500,3462,-38
2025-04-30 17:23:04,ÁSIA,7200,7323,123
2025-04-30 17:23:12,MÉXICO,4100,3946,-154
2025-04-30 17:23:17,MÉXICO,4100,4298,198
2025-04-30 17:23:25,EUROPA,6400,6627,227
2025-04-30 17:23:34,BRASIL,3700,3453,-247
2025-04-30 17:23:42,ÁSIA,7200,6959,-241
2025-04-30 17:23:48,CARIBE,4200,4331,131
2025-04-30 17:23:56,CARIBE,4200,4457,257
2025-04-30 17:24:04,MÉXICO,4100,4060,-40
2025-04-30 17:24:10,Rio de Janeiro,3500,3276,-224
2025-04-30 17:24:20,BRASIL,3700,3466,-234
2025-04-30 17:24:27,EUROPA,6400,6636,236
2025-04-30 17:24:37,CARIBE,4200,4499,299
2025-04-30 17:24:44,CARIBE,4200,3945,-255
2025-04-30 17:24:51,EUROPA,6400,6274,-126
2025-04-30 17:24:59,MÉXICO,4100,4380,280
2025-04-30 17:25:08,EUROPA,6400,6349,-51
2025-04-30 17:25:14,CARIBE,4200,4100,-100
2025-04-30 17:25:19,ÁSIA,7200,7024,-176
2025-04-30 17:25:24,MÉXICO,4100,3945,-155
2025-04-30 17:25:31,ÁSIA,7200,7337,137
2025-04-30 17:25:36,BRASIL,3700,3882,182
2025-04-30 17:25:41,BRASIL,3700,3686,-14
2025-04-30 17:25:51,BRASIL,3700,3800,100
2025-04-30 17:25:56,EUROPA,6400,6162,-238
2025-04-30 17:26:04,Rio de Janeiro,3500,3547,47
2025-04-30 17:26:10,ÁSIA,7200,7439,239
2025-04-30 17:26:15,Rio de Janeiro,3500,3346,-154
2025-04-30 17:26:22,Rio de Janeiro,3500,3216,-284
2025-04-30 17:26:29,CARIBE,4200,4139,-61
2025-04-30 17:26:37,Rio de Janeiro,3500,3629,129
2025-04-30 17:26:45,Rio de Janeiro,3500,3229,-271
2025-04-30 17:26:52,EUROPA,6400,6299,-101
2025-04-30 17:26:57,ÁSIA,7200,7435,235
2025-04-30 17:27:02,CARIBE,4200,3959,-241
2025-04-30 17:27:09,MÉXICO,4100,3924,-176
2025-04-30 17:27:18,Rio de Janeiro,3500,3661,161
2025-04-30 17:27:25,Rio de Janeiro,3500,3402,-98
2025-04-30 17:27:31,EUROPA,6400,6410,10
2025-04-30 17:27:40,ÁSIA,7200,7083,-117
2025-04-30 17:27:48,ÁSIA,7200,7453,253
2025-04-30 17:27:58,MÉXICO,4100,3930,-170
2025-04-30 17:28:07,MÉXICO,4100,4224,124
2025-04-30 17:28:12,CARIBE,4200,3901,-299
2025-04-30 17:28:17,BRASIL,3700,3936,236
2025-04-30 17:28:23,CARIBE,4200,3922,-278
2025-04-30 17:28:30,ÁSIA,7200,7051,-149
2025-04-30 17:28:40,MÉXICO,4100,4231,131
2025-04-30 17:32:21,MÉXICO,4100,4201,101
2025-04-30 17:32:26,BRASIL,3700,3419,-281
2025-04-30 17:32:36,ÁSIA,7200,7263,63
2025-04-30 17:32:42,MÉXICO,4100,4193,93
2025-04-30 17:32:51,CARIBE,4200,4018,-182
2025-04-30 17:32:57,CARIBE,4200,3987,-213
2025-04-30 17:33:04,MÉXICO,4100,3957,-143
2025-04-30 17:33:10,EUROPA,6400,6225,-175
2025-04-30 17:33:18,Rio de Janeiro,3500,3644,144
2025-04-30 17:33:25,Rio de Janeiro,3500,3576,76
2025-04-30 17:33:32,BRASIL,3700,3785,85
2025-04-30 17:33:40,BRASIL,3700,3536,-164
2025-04-30 17:33:49,Rio de Janeiro,3500,3379,-121
2025-04-30 17:33:57,CARIBE,4200,4066,-134
2025-04-30 17:34:07,ÁSIA,7200,7469,269
2025-04-30 17:34:12,MÉXICO,4100,3894,-206
2025-04-30 17:34:20,Rio de Janeiro,3500,3776,276
2025-04-30 17:34:28,Rio de Janeiro,3500,3302,-198
2025-04-30 17:34:38,Rio de Janeiro,3500,3709,209
2025-04-30 17:34:44,MÉXICO,4100,4047,-53
2025-04-30 17:34:49,ÁSIA,7200,7180,-20
2025-04-30 17:34:59,MÉXICO,4100,3974,-126
2025-04-30 17:35:07,MÉXICO,4100,4376,276
2025-04-30 17:35:13,MÉXICO,4100,4077,-23
2025-04-30 17:35:23,BRASIL,3700,3838,138
2025-04-30 17:35:30,BRASIL,3700,3554,-146
2025-04-30 17:35:36,CARIBE,4200,4320,120
2025-04-30 17:35:46,BRASIL,3700,3466,-234
2025-04-30 17:35:52,Rio de Janeiro,3500,3639,139
2025-04-30 17:36:02,BRASIL,3700,3697,-3
2025-04-30 17:36:08,ÁSIA,7200,7240,40
2025-04-30 17:36:16,Rio de Janeiro,3500,3780,280
2025-04-30 17:36:24,EUROPA,6400,6517,117
2025-04-30 17:36:29,MÉXICO,4100,3942,-158
2025-04-30 17:36:35,ÁSIA,7200,7345,145
2025-04-30 17:36:44,BRASIL,3700,3699,-1
2025-04-30 17:36:54,CARIBE,4200,4309,109
2025-04-30 17:37:04,Rio de Janeiro,3500,3779,279
2025-04-30 17:37:13,CARIBE,4200,3943,-257
2025-04-30 17:37:20,CARIBE,4200,4162,-38
2025-04-30 17:37:25,ÁSIA,7200,7297,97
2025-04-30 17:37:30,Rio de Janeiro,3500,3429,-71
2025-04-30 17:37:37,MÉXICO,4100,4173,73
2025-04-30 17:37:44,Rio de Janeiro,3500,3539,39
2025-04-30 17:37:54,ÁSIA,7200,7327,127
2025-04-30 17:37:59,BRASIL,3700,3890,190
2025-04-30 17:38:06,Rio de Janeiro,3500,3218,-282
2025-04-30 17:38:14,MÉXICO,4100,4004,-96
2025-04-30 17:38:22,Rio de Janeiro,3500,3729,229
2025-04-30 17:38:30,MÉXICO,4100,3967,-133
2025-04-30 17:38:39,CARIBE,4200,4253,53
2025-04-30 17:38:47,ÁSIA,7200,7084,-116
2025-04-30 17:38:56,BRASIL,3700,3708,8
2025-04-30 17:39:02,Rio de Janeiro,3500,3457,-43
2025-04-30 17:39:10,ÁSIA,7200,7301,101
2025-04-30 17:39:19,BRASIL,3700,3974,274
2025-04-30 17:39:28,ÁSIA,7200,7439,239
2025-04-30 17:39:35,EUROPA,6400,6429,29
2025-04-30 17:39:40,CARIBE,4200,4455,255
2025-04-30 17:39:46,BRASIL,3700,3461,-239
2025-04-30 17:39:54,CARIBE,4200,4470,270
2025-04-30 17:39:59,EUROPA,6400,6107,-293
2025-04-30 17:40:04,Rio de Janeiro,3500,3232,-268
2025-04-30 17:40:09,ÁSIA,7200,7117,-83
2025-04-30 17:40:19,Rio de Janeiro,3500,3322,-178
2025-04-30 17:40:27,Rio de Janeiro,3500,3257,-243
2025-04-30 17:40:35,EUROPA,6400,6551,151
2025-04-30 17:40:44,CARIBE,4200,4488,288
2025-04-30 17:40:49,ÁSIA,7200,7464,264
2025-04-30 17:40:57,MÉXICO,4100,3870,-230
2025-04-30 17:41:02,Rio de Janeiro,3500,3578,78
2025-04-30 17:41:11,EUROPA,6400,6655,255
2025-04-30 17:41:20,MÉXICO,4100,4009,-91
2025-04-30 17:41:30,Rio de Janeiro,3500,3742,242
2025-04-30 17:41:40,Rio de Janeiro,3500,3268,-232
2025-04-30 17:41:46,EUROPA,6400,6234,-166
2025-04-30 17:41:55,MÉXICO,4100,3966,-134
2025-04-30 17:42:01,Rio de Janeiro,3500,3406,-94
2025-04-30 17:42:10,MÉXICO,4100,4230,130
2025-04-30 17:42:20,ÁSIA,7200,7480,280
2025-04-30 17:42:30,MÉXICO,4100,4089,-11
2025-04-30 17:42:38,BRASIL,3700,3512,-188
2025-04-30 17:42:47,MÉXICO,4100,3957,-143
2025-04-30 17:42:56,MÉXICO,4100,3885,-215
2025-04-30 17:43:05,CARIBE,4200,4143,-57
2025-04-30 17:43:15,CARIBE,4200,4102,-98
2025-04-30 17:43:25,EUROPA,6400,6211,-189
2025-04-30 17:43:35,ÁSIA,7200,7271,71
2025-04-30 17:43:42,Rio de Janeiro,3500,3569,69
2025-04-30 17:43:52,ÁSIA,7200,7299,99
2025-04-30 17:44:00,ÁSIA,7200,6966,-234
2025-04-30 17:44:10,EUROPA,6400,6449,49
2025-04-30 17:44:18,BRASIL,3700,3964,264
2025-04-30 17:44:27,ÁSIA,7200,6955,-245
2025-04-30 17:44:37,BRASIL,3700,3721,21
2025-04-30 17:44:46,EUROPA,6400,6468,68
2025-04-30 17:44:56,BRASIL,3700,3439,-261
2025-04-30 17:45:06,EUROPA,6400,6264,-136
2025-04-30 17:45:13,CARIBE,4200,3934,-266
2025-04-30 17:45:23,EUROPA,6400,6618,218
2025-04-30 17:45:31,MÉXICO,4100,4260,160
2025-04-30 17:45:39,Rio de Janeiro,3500,3322,-178
2025-04-30 17:45:46,CARIBE,4200,4215,15
2025-04-30 17:45:53,EUROPA,6400,6254,-146
2025-04-30 17:46:00,Rio de Janeiro,3500,3351,-149
2025-04-30 17:46:08,EUROPA,6400,6443,43
2025-04-30 17:46:17,BRASIL,3700,3475,-225
2025-04-30 17:46:25,MÉXICO,4100,4392,292
2025-04-30 17:46:34,EUROPA,6400,6366,-34
2025-04-30 17:46:43,EUROPA,6400,6594,194
2025-04-30 17:46:50,ÁSIA,7200,7428,228
2025-04-30 17:47:00,ÁSIA,7200,6992,-208
2025-04-30 17:47:07,BRASIL,3700,3885,185
2025-04-30 17:47:15,BRASIL,3700,3704,4
2025-04-30 17:47:22,CARIBE,4200,3984,-216
2025-04-30 17:47:29,CARIBE,4200,4259,59
2025-04-30 17:47:37,EUROPA,6400,6607,207
2025-04-30 17:47:45,ÁSIA,7200,7287,87
2025-04-30 17:47:54,BRASIL,3700,3733,33
2025-04-30 17:48:00,BRASIL,3700,3588,-112
2025-04-30 17:48:06,EUROPA,6400,6402,2
2025-04-30 17:48:11,Rio de Janeiro,3500,3370,-130
2025-04-30 17:48:21,MÉXICO,4100,3950,-150
2025-04-30 17:48:26,ÁSIA,7200,7234,34
2025-04-30 17:48:35,EUROPA,6400,6471,71
2025-04-30 17:48:40,Rio de Janeiro,3500,3766,266
2025-04-30 17:48:46,ÁSIA,7200,7237,37
2025-04-30 17:48:56,ÁSIA,7200,7427,227
2025-04-30 17:49:04,EUROPA,6400,6217,-183
2025-04-30 17:49:10,MÉXICO,4100,4195,95
2025-04-30 17:49:16,BRASIL,3700,3477,-223
2025-04-30 17:49:24,MÉXICO,4100,3964,-136
2025-04-30 17:49:30,EUROPA,6400,6235,-165
2025-04-30 17:49:37,BRASIL,3700,3732,32
2025-04-30 17:49:47,EUROPA,6400,6181,-219
2025-04-30 17:49:57,Rio de Janeiro,3500,3538,38
2025-04-30 17:50:06,Rio de Janeiro,3500,3577,77
2025-04-30 17:50:15,CARIBE,4200,4014,-186
2025-04-30 17:50:20,CARIBE,4200,4309,109
2025-04-30 17:50:28,CARIBE,4200,4078,-122
2025-04-30 17:50:37,BRASIL,3700,3406,-294
2025-04-30 17:50:43,CARIBE,4200,4300,100
2025-04-30 17:50:48,ÁSIA,7200,6994,-206
2025-04-30 17:50:55,CARIBE,4200,4169,-31
2025-04-30 17:51:05,ÁSIA,7200,7057,-143
2025-04-30 17:51:11,BRASIL,3700,3441,-259
2025-04-30 17:51:18,EUROPA,6400,6399,-1
2025-04-30 17:51:25,MÉXICO,4100,3848,-252
2025-04-30 17:51:32,Rio de Janeiro,3500,3552,52
2025-04-30 17:51:39,ÁSIA,7200,7145,-55
2025-04-30 17:51:46,Rio de Janeiro,3500,3599,99
2025-04-30 17:51:53,MÉXICO,4100,4174,74
2025-04-30 17:52:03,ÁSIA,7200,7297,97
2025-04-30 17:52:08,BRASIL,3700,3405,-295
2025-04-30 17:52:16,EUROPA,6400,6248,-152
2025-04-30 17:52:26,CARIBE,4200,4044,-156
2025-04-30 17:52:33,Rio de Janeiro,3500,3224,-276
2025-04-30 17:52:42,ÁSIA,7200,6960,-240
2025-04-30 17:52:52,MÉXICO,4100,3992,-108
2025-04-30 17:53:01,CARIBE,4200,4478,278
2025-04-30 17:53:11,ÁSIA,7200,7440,240
2025-04-30 17:53:16,BRASIL,3700,3532,-168
2025-04-30 17:53:25,MÉXICO,4100,4165,65
2025-04-30 17:53:35,Rio de Janeiro,3500,3791,291
2025-04-30 17:53:42,CARIBE,4200,4088,-112
2025-04-30 17:53:47,Rio de Janeiro,3500,3226,-274
2025-04-30 17:53:55,MÉXICO,4100,4021,-79
2025-04-30 17:54:02,BRASIL,3700,3529,-171
2025-04-30 17:54:10,CARIBE,4200,3998,-202
2025-04-30 17:54:17,EUROPA,6400,6227,-173
2025-04-30 17:54:23,BRASIL,3700,3792,92
2025-04-30 17:54:29,CARIBE,4200,4455,255
2025-04-30 17:54:35,Rio de Janeiro,3500,3763,263
2025-04-30 17:54:41,Rio de Janeiro,3500,3548,48
2025-04-30 17:54:50,MÉXICO,4100,4221,121
2025-04-30 17:54:56,MÉXICO,4100,4206,106
2025-04-30 17:55:02,MÉXICO,4100,3810,-290
2025-04-30 17:55:11,ÁSIA,7200,7405,205
2025-04-30 17:55:19,Rio de Janeiro,3500,3476,-24
2025-04-30 17:55:27,ÁSIA,7200,7182,-18
2025-04-30 17:55:32,ÁSIA,7200,7096,-104
2025-04-30 17:55:37,CARIBE,4200,3929,-271
2025-04-30 17:55:46,EUROPA,6400,6640,240
2025-04-30 17:55:54,MÉXICO,4100,4251,151
2025-04-30 17:56:04,Rio de Janeiro,3500,3258,-242
2025-04-30 17:56:09,BRASIL,3700,3765,65
2025-04-30 17:56:17,BRASIL,3700,3458,-242
2025-04-30 17:56:23,Rio de Janeiro,3500,3675,175
2025-04-30 17:56:31,EUROPA,6400,6296,-104
2025-04-30 17:56:39,MÉXICO,4100,3870,-230
2025-04-30 17:56:48,EUROPA,6400,6182,-218
2025-04-30 17:56:58,MÉXICO,4100,3930,-170
2025-04-30 17:57:08,MÉXICO,4100,4066,-34
2025-04-30 17:57:18,Rio de Janeiro,3500,3630,130
2025-04-30 17:57:25,MÉXICO,4100,4142,42
2025-04-30 17:57:30,CARIBE,4200,4478,278
2025-04-30 17:57:39,ÁSIA,7200,7297,97
2025-04-30 17:57:45,CARIBE,4200,4451,251
2025-04-30 17:57:52,BRASIL,3700,3602,-98
2025-04-30 17:57:59,ÁSIA,7200,7175,-25
2025-04-30 17:58:06,Rio de Janeiro,3500,3586,86
2025-04-30 17:58:13,BRASIL,3700,3638,-62
2025-04-30 17:58:23,CARIBE,4200,4142,-58
2025-04-30 17:58:33,MÉXICO,4100,4234,134
2025-04-30 17:58:40,CARIBE,4200,4467,267
2025-04-30 17:58:46,ÁSIA,7200,7255,55
2025-04-30 17:58:54,BRASIL,3700,3762,62
2025-04-30 17:59:00,MÉXICO,4100,3907,-193
2025-04-30 17:59:09,MÉXICO,4100,4298,198
2025-04-30 17:59:19,EUROPA,6400,6502,102
2025-04-30 17:59:28,CARIBE,4200,4223,23
2025-04-30 17:59:38,MÉXICO,4100,4320,220
2025-04-30 17:59:44,BRASIL,3700,3633,-67
2025-04-30 17:59:51,EUROPA,6400,6424,24
2025-04-30 17:59:59,MÉXICO,4100,3954,-146
2025-04-30 18:00:07,EUROPA,6400,6647,247
2025-04-30 18:00:12,BRASIL,3700,3727,27
2025-04-30 18:00:20,EUROPA,6400,6629,229
2025-04-30 18:00:28,MÉXICO,4100,4226,126
2025-04-30 18:00:34,BRASIL,3700,3593,-107
2025-04-30 18:00:39,BRASIL,3700,3882,182
2025-04-30 18:00:45,ÁSIA,7200,6939,-261
2025-04-30 18:00:52,MÉXICO,4100,4372,272
2025-04-30 18:00:58,MÉXICO,4100,4386,286
2025-04-30 18:01:05,EUROPA,6400,6122,-278
2025-04-30 18:01:14,CARIBE,4200,4424,224
2025-04-30 18:01:22,EUROPA,6400,6302,-98
2025-04-30 18:01:28,EUROPA,6400,6607,207
2025-04-30 18:01:36,BRASIL,3700,3676,-24
2025-04-30 18:01:42,BRASIL,3700,3450,-250
2025-04-30 18:01:48,BRASIL,3700,3617,-83
2025-04-30 18:01:57,CARIBE,4200,4191,-9
2025-04-30 18:02:06,Rio de Janeiro,3500,3526,26
2025-04-30 18:02:12,EUROPA,6400,6631,231
2025-04-30 18:02:20,EUROPA,6400,6468,68
2025-04-30 18:02:26,CARIBE,4200,4135,-65
2025-04-30 18:02:31,EUROPA,6400,6122,-278
2025-04-30 18:02:40,MÉXICO,4100,3814,-286
2025-04-30 18:02:48,Rio de Janeiro,3500,3615,115
2025-04-30 18:02:56,EUROPA,6400,6531,131
2025-04-30 18:03:06,EUROPA,6400,6624,224
2025-04-30 18:03:13,ÁSIA,7200,7309,109
2025-04-30 18:03:21,Rio de Janeiro,3500,3476,-24
2025-04-30 18:03:30,CARIBE,4200,4135,-65
2025-04-30 18:03:35,BRASIL,3700,3997,297
2025-04-30 18:03:42,ÁSIA,7200,7054,-146
2025-04-30 18:03:47,MÉXICO,4100,4115,15
2025-04-30 18:03:55,CARIBE,4200,4401,201
2025-04-30 18:04:04,CARIBE,4200,3922,-278
2025-04-30 18:04:09,EUROPA,6400,6182,-218
2025-04-30 18:04:19,Rio de Janeiro,3500,3795,295
2025-04-30 18:04:27,CARIBE,4200,4068,-132
2025-04-30 18:04:34,MÉXICO,4100,4218,118
2025-04-30 18:04:40,EUROPA,6400,6310,-90
2025-04-30 18:04:48,EUROPA,6400,6395,-5
2025-04-30 18:04:55,ÁSIA,7200,6942,-258
2025-04-30 18:05:03,EUROPA,6400,6153,-247
2025-04-30 18:05:12,EUROPA,6400,6289,-111
2025-04-30 18:05:22,MÉXICO,4100,4393,293
2025-04-30 18:05:27,Rio de Janeiro,3500,3207,-293
2025-04-30 18:05:36,BRASIL,3700,3883,183
2025-04-30 18:05:49,EUROPA,6400,6583,183
2025-04-30 18:05:55,EUROPA,6400,6691,291
2025-04-30 18:06:01,EUROPA,6400,6364,-36
2025-04-30 18:06:09,EUROPA,6400,6599,199
2025-04-30 18:06:15,EUROPA,6400,6303,-97
2025-04-30 18:06:25,CARIBE,4200,4423,223
2025-04-30 18:06:30,EUROPA,6400,6663,263
2025-04-30 18:06:35,EUROPA,6400,6573,173
2025-04-30 18:06:45,BRASIL,3700,3600,-100
2025-04-30 18:06:53,BRASIL,3700,3491,-209
2025-04-30 18:06:58,MÉXICO,4100,3843,-257
2025-04-30 18:07:04,Rio de Janeiro,3500,3212,-288
2025-04-30 18:07:10,ÁSIA,7200,7378,178
2025-04-30 18:07:17,MÉXICO,4100,4142,42
2025-04-30 18:07:27,EUROPA,6400,6490,90
2025-04-30 18:07:33,CARIBE,4200,4259,59
2025-04-30 18:07:41,MÉXICO,4100,4282,182
2025-04-30 18:07:47,MÉXICO,4100,3978,-122
2025-04-30 18:07:56,CARIBE,4200,4002,-198
2025-04-30 18:08:01,CARIBE,4200,4206,6
2025-04-30 18:08:11,Rio de Janeiro,3500,3362,-138
2025-04-30 18:08:19,Rio de Janeiro,3500,3699,199
2025-04-30 18:08:27,ÁSIA,7200,7468,268
2025-04-30 18:08:35,EUROPA,6400,6521,121
2025-04-30 18:08:40,Rio de Janeiro,3500,3373,-127
2025-04-30 18:08:50,MÉXICO,4100,4295,195
2025-04-30 18:08:56,CARIBE,4200,4083,-117
2025-04-30 18:09:01,CARIBE,4200,4159,-41
2025-04-30 18:09:11,CARIBE,4200,4164,-36
2025-04-30 18:09:17,EUROPA,6400,6586,186
2025-04-30 18:09:23,CARIBE,4200,3949,-251
2025-04-30 18:09:32,MÉXICO,4100,4004,-96
2025-04-30 18:09:41,BRASIL,3700,3850,150
2025-04-30 18:09:46,EUROPA,6400,6283,-117
2025-04-30 18:09:51,ÁSIA,7200,7094,-106
2025-04-30 18:10:00,ÁSIA,7200,7086,-114
2025-04-30 18:10:06,EUROPA,6400,6548,148
2025-04-30 18:10:16,EUROPA,6400,6251,-149
2025-04-30 18:10:24,ÁSIA,7200,6939,-261
2025-04-30 18:10:33,EUROPA,6400,6515,115
2025-04-30 18:10:41,Rio de Janeiro,3500,3743,243
2025-04-30 18:10:49,BRASIL,3700,3833,133
2025-04-30 18:10:59,Rio de Janeiro,3500,3600,100
2025-04-30 18:11:07,ÁSIA,7200,7364,164
2025-04-30 18:11:16,Rio de Janeiro,3500,3661,161
2025-04-30 18:11:24,MÉXICO,4100,4102,2
2025-04-30 18:11:34,MÉXICO,4100,4057,-43
2025-04-30 18:11:43,BRASIL,3700,3531,-169
2025-04-30 18:11:53,EUROPA,6400,6481,81
2025-04-30 18:11:59,ÁSIA,7200,6993,-207
2025-04-30 18:12:04,EUROPA,6400,6594,194
2025-04-30 18:12:09,EUROPA,6400,6352,-48
2025-04-30 18:12:19,Rio de Janeiro,3500,3632,132
2025-04-30 18:12:29,MÉXICO,4100,4296,196
2025-04-30 18:12:36,CARIBE,4200,3921,-279
2025-04-30 18:12:44,ÁSIA,7200,6958,-242
2025-04-30 18:12:49,EUROPA,6400,6420,20
2025-04-30 18:12:55,Rio de Janeiro,3500,3366,-134
2025-04-30 18:13:02,BRASIL,3700,3760,60
2025-04-30 18:13:08,EUROPA,6400,6258,-142
2025-04-30 18:13:14,BRASIL,3700,3803,103
2025-04-30 18:13:20,MÉXICO,4100,4346,246
2025-04-30 18:13:25,BRASIL,3700,3914,214
2025-04-30 18:13:34,BRASIL,3700,3477,-223
2025-04-30 18:13:41,CARIBE,4200,4483,283
2025-04-30 18:13:50,ÁSIA,7200,6955,-245
2025-04-30 18:13:59,ÁSIA,7200,7418,218
2025-04-30 18:14:08,ÁSIA,7200,7330,130
2025-04-30 18:14:15,CARIBE,4200,4451,251
2025-04-30 18:14:23,EUROPA,6400,6569,169
2025-04-30 18:14:31,BRASIL,3700,3561,-139
2025-04-30 18:14:39,BRASIL,3700,3769,69
2025-04-30 18:14:49,Rio de Janeiro,3500,3310,-190
2025-04-30 18:14:55,BRASIL,3700,3431,-269
2025-04-30 18:15:01,EUROPA,6400,6464,64
2025-04-30 18:15:06,EUROPA,6400,6328,-72
2025-04-30 18:15:14,Rio de Janeiro,3500,3728,228
2025-04-30 18:15:20,EUROPA,6400,6555,155
2025-04-30 18:15:25,ÁSIA,7200,7439,239
2025-04-30 18:15:32,Rio de Janeiro,3500,3468,-32
2025-04-30 18:15:37,EUROPA,6400,6500,100
2025-04-30 18:15:45,BRASIL,3700,3827,127
2025-04-30 18:15:53,CARIBE,4200,4102,-98
2025-04-30 18:16:01,EUROPA,6400,6269,-131
2025-04-30 18:16:09,ÁSIA,7200,7373,173
2025-04-30 18:16:14,Rio de Janeiro,3500,3505,5
2025-04-30 18:16:19,ÁSIA,7200,7048,-152
2025-04-30 18:16:29,CARIBE,4200,4486,286
2025-04-30 18:16:37,BRASIL,3700,3855,155
2025-04-30 18:16:44,CARIBE,4200,3976,-224
2025-04-30 18:16:53,EUROPA,6400,6655,255
2025-04-30 18:16:58,EUROPA,6400,6424,24
2025-04-30 18:17:05,ÁSIA,7200,7321,121
2025-04-30 18:17:13,BRASIL,3700,3845,145
2025-04-30 18:17:18,Rio de Janeiro,3500,3434,-66
2025-04-30 18:17:25,Rio de Janeiro,3500,3671,171
2025-04-30 18:17:33,EUROPA,6400,6559,159
2025-04-30 18:17:40,ÁSIA,7200,7409,209
2025-04-30 18:17:48,Rio de Janeiro,3500,3356,-144
2025-04-30 18:17:57,CARIBE,4200,4161,-39
2025-04-30 18:18:07,BRASIL,3700,3730,30
2025-04-30 18:18:17,MÉXICO,4100,4144,44
2025-04-30 18:18:25,EUROPA,6400,6268,-132
2025-04-30 18:18:30,BRASIL,3700,3523,-177
2025-04-30 18:18:39,CARIBE,4200,4347,147
2025-04-30 18:18:49,MÉXICO,4100,3948,-152
2025-04-30 18:18:56,Rio de Janeiro,3500,3297,-203
2025-04-30 18:19:05,EUROPA,6400,6370,-30
2025-04-30 18:19:14,Rio de Janeiro,3500,3745,245
2025-04-30 18:19:24,Rio de Janeiro,3500,3658,158
2025-04-30 18:19:31,ÁSIA,7200,7405,205
2025-04-30 18:19:37,MÉXICO,4100,4261,161
2025-04-30 18:19:44,CARIBE,4200,4214,14
2025-04-30 18:19:49,MÉXICO,4100,3870,-230
2025-04-30 18:19:54,CARIBE,4200,4278,78
2025-04-30 18:19:59,EUROPA,6400,6443,43
2025-04-30 18:20:06,MÉXICO,4100,3948,-152
2025-04-30 18:20:14,Rio de Janeiro,3500,3358,-142
2025-04-30 18:20:24,MÉXICO,4100,4376,276
2025-04-30 18:20:33,ÁSIA,7200,7279,79
2025-04-30 18:20:42,MÉXICO,4100,3937,-163
2025-04-30 18:20:51,CARIBE,4200,4027,-173
2025-04-30 18:20:56,ÁSIA,7200,7484,284
2025-04-30 18:21:04,CARIBE,4200,4167,-33
2025-04-30 18:21:14,BRASIL,3700,3769,69
2025-04-30 18:21:22,EUROPA,6400,6426,26
2025-04-30 18:21:28,CARIBE,4200,4014,-186
2025-04-30 18:21:33,Rio de Janeiro,3500,3598,98
2025-04-30 18:21:42,EUROPA,6400,6637,237
2025-04-30 18:21:48,BRASIL,3700,3464,-236
2025-04-30 18:21:57,ÁSIA,7200,7479,279
2025-04-30 18:22:02,EUROPA,6400,6333,-67
2025-04-30 18:22:07,Rio de Janeiro,3500,3402,-98
2025-04-30 18:22:14,ÁSIA,7200,7492,292
2025-04-30 18:22:19,Rio de Janeiro,3500,3773,273
2025-04-30 18:22:28,Rio de Janeiro,3500,3731,231
2025-04-30 18:22:33,CARIBE,4200,4160,-40
2025-04-30 18:22:39,Rio de Janeiro,3500,3409,-91
2025-04-30 18:22:46,EUROPA,6400,6387,-13
2025-04-30 18:22:53,CARIBE,4200,4070,-130
2025-04-30 18:23:02,ÁSIA,7200,7327,127
2025-04-30 18:23:07,Rio de Janeiro,3500,3702,202
2025-04-30 18:23:13,EUROPA,6400,6170,-230
2025-04-30 18:23:22,CARIBE,4200,3999,-201
2025-04-30 18:23:30,BRASIL,3700,3643,-57
2025-04-30 18:23:40,EUROPA,6400,6584,184
2025-04-30 18:23:48,EUROPA,6400,6458,58
2025-04-30 18:23:54,BRASIL,3700,3887,187
2025-04-30 18:24:04,EUROPA,6400,6244,-156
2025-04-30 18:24:13,EUROPA,6400,6478,78
2025-04-30 18:24:21,EUROPA,6400,6448,48
2025-04-30 18:24:29,ÁSIA,7200,7315,115
2025-04-30 18:24:37,EUROPA,6400,6626,226
2025-04-30 18:24:45,CARIBE,4200,4460,260
2025-04-30 18:24:53,CARIBE,4200,4312,112
2025-04-30 18:25:03,EUROPA,6400,6436,36
2025-04-30 18:25:11,Rio de Janeiro,3500,3477,-23
2025-04-30 18:25:21,EUROPA,6400,6140,-260
2025-04-30 18:25:31,BRASIL,3700,3507,-193
2025-04-30 18:25:40,CARIBE,4200,4072,-128
2025-04-30 18:25:45,MÉXICO,4100,4017,-83
2025-04-30 18:25:55,MÉXICO,4100,4335,235
2025-04-30 18:26:03,Rio de Janeiro,3500,3667,167
2025-04-30 18:26:10,ÁSIA,7200,7292,92
2025-04-30 18:26:20,EUROPA,6400,6448,48
2025-04-30 18:26:26,CARIBE,4200,4134,-66
2025-04-30 18:26:32,EUROPA,6400,6506,106
2025-04-30 18:26:38,Rio de Janeiro,3500,3413,-87
2025-04-30 18:26:44,EUROPA,6400,6159,-241
2025-04-30 18:26:53,MÉXICO,4100,4055,-45
2025-04-30 18:27:03,EUROPA,6400,6320,-80
2025-04-30 18:27:10,BRASIL,3700,3693,-7
2025-04-30 18:27:18,BRASIL,3700,3584,-116
2025-04-30 18:27:23,EUROPA,6400,6479,79
2025-04-30 18:27:33,ÁSIA,7200,7101,-99
2025-04-30 18:27:40,ÁSIA,7200,6975,-225
2025-04-30 18:27:47,Rio de Janeiro,3500,3459,-41
2025-04-30 18:27:53,CARIBE,4200,4355,155
2025-04-30 18:28:00,Rio de Janeiro,3500,3659,159
2025-04-30 18:28:08,ÁSIA,7200,7129,-71
2025-04-30 18:28:17,BRASIL,3700,3945,245
2025-04-30 18:28:22,EUROPA,6400,6169,-231
2025-04-30 18:28:31,CARIBE,4200,4132,-68
2025-04-30 18:28:41,BRASIL,3700,3748,48
2025-04-30 18:28:50,EUROPA,6400,6505,105
2025-04-30 18:28:59,EUROPA,6400,6329,-71
2025-04-30 18:29:06,MÉXICO,4100,3966,-134
2025-04-30 18:29:15,EUROPA,6400,6371,-29
2025-04-30 18:29:25,Rio de Janeiro,3500,3671,171
2025-04-30 18:29:34,CARIBE,4200,4001,-199
2025-04-30 18:29:40,EUROPA,6400,6316,-84
2025-04-30 18:29:45,EUROPA,6400,6685,285
2025-04-30 18:29:55,ÁSIA,7200,7484,284
2025-04-30 18:30:04,CARIBE,4200,4487,287
2025-04-30 18:30:13,MÉXICO,4100,4310,210
2025-04-30 18:30:21,BRASIL,3700,3926,226
2025-04-30 18:30:26,MÉXICO,4100,4145,45
2025-04-30 18:30:36,ÁSIA,7200,6997,-203
2025-04-30 18:30:43,ÁSIA,7200,6990,-210
2025-04-30 18:30:52,ÁSIA,7200,7382,182
2025-04-30 18:30:58,CARIBE,4200,4330,130
2025-04-30 18:31:03,Rio de Janeiro,3500,3747,247
2025-04-30 18:31:11,EUROPA,6400,6598,198
2025-04-30 18:31:20,EUROPA,6400,6542,142
2025-04-30 18:31:30,EUROPA,6400,6367,-33
2025-04-30 18:31:36,MÉXICO,4100,4337,237
2025-04-30 18:31:41,Rio de Janeiro,3500,3281,-219
2025-04-30 18:31:49,MÉXICO,4100,4307,207
2025-04-30 18:31:54,CARIBE,4200,4489,289
2025-04-30 18:32:01,BRASIL,3700,3593,-107
2025-04-30 18:32:11,CARIBE,4200,4003,-197
2025-04-30 18:32:17,EUROPA,6400,6544,144
2025-04-30 18:32:26,MÉXICO,4100,4067,-33
2025-04-30 18:32:33,EUROPA,6400,6510,110
2025-04-30 18:32:41,EUROPA,6400,6509,109
2025-04-30 18:32:49,ÁSIA,7200,7277,77
2025-04-30 18:32:55,CARIBE,4200,4388,188
2025-04-30 18:33:00,CARIBE,4200,3926,-274
2025-04-30 18:33:08,MÉXICO,4100,4274,174
2025-04-30 18:33:16,CARIBE,4200,4303,103
2025-04-30 18:33:22,MÉXICO,4100,4040,-60
2025-04-30 18:33:29,Rio de Janeiro,3500,3699,199
2025-04-30 18:33:36,ÁSIA,7200,7116,-84
2025-04-30 18:33:42,MÉXICO,4100,4114,14
2025-04-30 18:33:49,ÁSIA,7200,6974,-226
2025-04-30 18:33:56,CARIBE,4200,4294,94
2025-04-30 18:34:01,Rio de Janeiro,3500,3251,-249
2025-04-30 18:34:11,Rio de Janeiro,3500,3322,-178
2025-04-30 18:34:19,ÁSIA,7200,7458,258
2025-04-30 18:34:26,Rio de Janeiro,3500,3484,-16
2025-04-30 18:34:35,Rio de Janeiro,3500,3659,159
2025-04-30 18:34:40,MÉXICO,4100,4272,172
2025-04-30 18:34:46,BRASIL,3700,3831,131
2025-04-30 18:34:55,CARIBE,4200,4104,-96
2025-04-30 18:35:00,CARIBE,4200,3925,-275
2025-04-30 18:35:06,CARIBE,4200,3915,-285
2025-04-30 18:35:16,Rio de Janeiro,3500,3694,194
2025-04-30 18:35:23,MÉXICO,4100,3991,-109
2025-04-30 18:35:29,Rio de Janeiro,3500,3656,156
2025-04-30 18:35:38,MÉXICO,4100,3816,-284
2025-04-30 18:35:44,ÁSIA,7200,7229,29
2025-04-30 18:35:49,Rio de Janeiro,3500,3229,-271
2025-04-30 18:35:56,Rio de Janeiro,3500,3490,-10
2025-04-30 18:36:04,Rio de Janeiro,3500,3592,92
2025-04-30 18:36:10,BRASIL,3700,3747,47
2025-04-30 18:36:15,Rio de Janeiro,3500,3249,-251
2025-04-30 18:36:20,ÁSIA,7200,6968,-232
2025-04-30 18:36:27,ÁSIA,7200,7090,-110
2025-04-30 18:36:34,Rio de Janeiro,3500,3201,-299
2025-04-30 18:36:43,EUROPA,6400,6684,284
2025-04-30 18:36:53,EUROPA,6400,6506,106
2025-04-30 18:37:01,ÁSIA,7200,7473,273
2025-04-30 18:37:06,CARIBE,4200,4208,8
2025-04-30 18:37:12,BRASIL,3700,3818,118
2025-04-30 18:37:19,MÉXICO,4100,3856,-244
2025-04-30 18:37:26,EUROPA,6400,6158,-242
2025-04-30 18:37:35,EUROPA,6400,6590,190
2025-04-30 18:37:45,Rio de Janeiro,3500,3426,-74
2025-04-30 18:37:55,Rio de Janeiro,3500,3389,-111
2025-04-30 18:38:01,ÁSIA,7200,7061,-139
2025-04-30 18:38:10,Rio de Janeiro,3500,3528,28
2025-04-30 18:38:15,CARIBE,4200,4467,267
2025-04-30 18:38:23,CARIBE,4200,4438,238
2025-04-30 18:38:33,CARIBE,4200,4080,-120
2025-04-30 18:38:39,ÁSIA,7200,7050,-150
2025-04-30 18:38:49,ÁSIA,7200,7357,157
2025-04-30 18:38:57,MÉXICO,4100,3996,-104
2025-04-30 18:39:02,BRASIL,3700,3489,-211
2025-04-30 18:39:09,MÉXICO,4100,4048,-52
2025-04-30 18:39:14,EUROPA,6400,6619,219
2025-04-30 18:39:21,BRASIL,3700,3688,-12
2025-04-30 18:39:31,ÁSIA,7200,7284,84
2025-04-30 18:39:36,Rio de Janeiro,3500,3231,-269
2025-04-30 18:39:46,Rio de Janeiro,3500,3660,160
2025-04-30 18:39:55,Rio de Janeiro,3500,3592,92
2025-04-30 18:40:05,EUROPA,6400,6284,-116
2025-04-30 18:40:13,CARIBE,4200,4367,167
2025-04-30 18:40:21,CARIBE,4200,4450,250
2025-04-30 18:40:27,MÉXICO,4100,4130,30
2025-04-30 18:40:35,Rio de Janeiro,3500,3241,-259
2025-04-30 18:40:44,Rio de Janeiro,3500,3433,-67
2025-04-30 18:40:52,MÉXICO,4100,3808,-292
2025-04-30 18:41:02,BRASIL,3700,3484,-216
2025-04-30 18:41:10,MÉXICO,4100,4032,-68
2025-04-30 18:41:17,BRASIL,3700,3476,-224
2025-04-30 18:41:24,Rio de Janeiro,3500,3378,-122
2025-04-30 18:41:31,BRASIL,3700,3832,132
2025-04-30 18:41:40,BRASIL,3700,3903,203
2025-04-30 18:41:49,MÉXICO,4100,4347,247
2025-04-30 18:41:58,EUROPA,6400,6350,-50
2025-04-30 18:42:03,CARIBE,4200,4450,250
2025-04-30 18:42:13,Rio de Janeiro,3500,3302,-198
2025-04-30 18:42:22,ÁSIA,7200,7408,208
2025-04-30 18:42:27,ÁSIA,7200,7442,242
2025-04-30 18:42:34,ÁSIA,7200,7014,-186
2025-04-30 18:42:39,CARIBE,4200,3921,-279
2025-04-30 18:42:47,BRASIL,3700,3779,79
2025-04-30 18:42:52,EUROPA,6400,6131,-269
2025-04-30 18:43:02,BRASIL,3700,3995,295
2025-04-30 18:43:12,MÉXICO,4100,4171,71
2025-04-30 18:43:22,ÁSIA,7200,7104,-96
2025-04-30 18:43:32,CARIBE,4200,3902,-298
2025-04-30 18:43:42,EUROPA,6400,6652,252
2025-04-30 18:43:49,Rio de Janeiro,3500,3760,260
2025-04-30 18:43:59,BRASIL,3700,3599,-101
2025-04-30 18:44:08,Rio de Janeiro,3500,3602,102
2025-04-30 18:44:15,ÁSIA,7200,7122,-78
2025-04-30 18:44:25,BRASIL,3700,3987,287
2025-04-30 18:44:35,MÉXICO,4100,3843,-257
2025-04-30 18:44:45,MÉXICO,4100,3931,-169
2025-04-30 18:44:54,CARIBE,4200,3952,-248
2025-04-30 18:45:03,CARIBE,4200,4328,128
2025-04-30 18:45:08,BRASIL,3700,3567,-133
2025-04-30 18:45:14,ÁSIA,7200,7369,169
2025-04-30 18:45:20,MÉXICO,4100,4343,243
2025-04-30 18:45:25,EUROPA,6400,6451,51
2025-04-30 18:45:33,ÁSIA,7200,6901,-299
2025-04-30 18:45:39,EUROPA,6400,6697,297
2025-04-30 18:45:46,ÁSIA,7200,7131,-69
2025-04-30 18:45:51,MÉXICO,4100,4031,-69
2025-04-30 18:46:01,BRASIL,3700,3676,-24
2025-04-30 18:46:06,CARIBE,4200,4124,-76
2025-04-30 18:46:14,MÉXICO,4100,4063,-37
2025-04-30 18:46:19,Rio de Janeiro,3500,3294,-206
2025-04-30 18:46:25,MÉXICO,4100,4157,57
2025-04-30 18:46:33,CARIBE,4200,4068,-132
2025-04-30 18:46:42,CARIBE,4200,3946,-254
2025-04-30 18:46:50,Rio de Janeiro,3500,3431,-69
2025-04-30 18:46:57,EUROPA,6400,6310,-90
2025-04-30 18:47:07,Rio de Janeiro,3500,3633,133
2025-04-30 18:47:14,Rio de Janeiro,3500,3312,-188
2025-04-30 18:47:19,CARIBE,4200,4499,299
2025-04-30 18:47:28,EUROPA,6400,6230,-170
2025-04-30 18:47:33,MÉXICO,4100,4234,134
2025-04-30 18:47:41,CARIBE,4200,4062,-138
2025-04-30 18:47:50,ÁSIA,7200,7277,77
2025-04-30 18:47:56,Rio de Janeiro,3500,3428,-72
2025-04-30 18:48:01,EUROPA,6400,6121,-279
2025-04-30 18:48:10,CARIBE,4200,3935,-265
2025-04-30 18:48:19,BRASIL,3700,3430,-270
2025-04-30 18:48:27,MÉXICO,4100,4111,11
2025-04-30 18:48:32,MÉXICO,4100,4199,99
2025-04-30 18:48:41,ÁSIA,7200,7023,-177
2025-04-30 18:48:47,CARIBE,4200,4470,270
2025-04-30 18:48:54,BRASIL,3700,3976,276
2025-04-30 18:49:04,BRASIL,3700,3822,122
2025-04-30 18:49:10,BRASIL,3700,3851,151
2025-04-30 18:49:16,Rio de Janeiro,3500,3645,145
2025-04-30 18:49:22,EUROPA,6400,6660,260
2025-04-30 18:49:27,BRASIL,3700,3888,188
2025-04-30 18:49:34,CARIBE,4200,3946,-254
2025-04-30 18:49:39,ÁSIA,7200,7466,266
2025-04-30 18:49:45,ÁSIA,7200,7230,30
2025-04-30 18:49:53,EUROPA,6400,6680,280
2025-04-30 18:49:59,ÁSIA,7200,7289,89
2025-04-30 18:50:08,CARIBE,4200,4198,-2
2025-04-30 18:50:14,BRASIL,3700,3794,94
2025-04-30 18:50:23,BRASIL,3700,3728,28
2025-04-30 18:50:33,ÁSIA,7200,7286,86
2025-04-30 18:50:42,CARIBE,4200,3909,-291
2025-04-30 18:50:52,MÉXICO,4100,4062,-38
2025-04-30 18:51:01,EUROPA,6400,6265,-135
2025-04-30 18:51:11,BRASIL,3700,3772,72
2025-04-30 18:51:17,CARIBE,4200,4441,241
2025-04-30 18:51:25,BRASIL,3700,3553,-147
2025-04-30 18:51:33,ÁSIA,7200,7305,105
2025-04-30 18:51:38,MÉXICO,4100,3953,-147
2025-04-30 18:51:45,ÁSIA,7200,7296,96
2025-04-30 18:51:52,Rio de Janeiro,3500,3659,159
2025-04-30 18:52:01,EUROPA,6400,6608,208
2025-04-30 18:52:09,ÁSIA,7200,7051,-149
2025-04-30 18:52:19,ÁSIA,7200,7301,101
2025-04-30 18:52:24,MÉXICO,4100,4175,75
2025-04-30 18:52:34,CARIBE,4200,4101,-99
2025-04-30 18:52:39,MÉXICO,4100,4211,111
2025-04-30 18:52:46,MÉXICO,4100,3993,-107
2025-04-30 18:52:52,ÁSIA,7200,7019,-181
2025-04-30 18:53:00,BRASIL,3700,3408,-292
2025-04-30 18:53:08,ÁSIA,7200,7397,197
2025-04-30 18:53:17,EUROPA,6400,6646,246
2025-04-30 18:53:24,Rio de Janeiro,3500,3649,149
2025-04-30 18:53:30,EUROPA,6400,6126,-274
2025-04-30 18:53:40,ÁSIA,7200,7470,270
2025-04-30 18:53:50,CARIBE,4200,4323,123
2025-04-30 18:53:58,MÉXICO,4100,4311,211
2025-04-30 18:54:05,MÉXICO,4100,4393,293
2025-04-30 18:54:13,MÉXICO,4100,4187,87
2025-04-30 18:54:22,MÉXICO,4100,4270,170
2025-04-30 18:54:27,BRASIL,3700,3793,93
2025-04-30 18:54:37,MÉXICO,4100,4002,-98
2025-04-30 18:54:45,MÉXICO,4100,3962,-138
2025-04-30 18:54:54,ÁSIA,7200,7273,73
2025-04-30 18:55:01,BRASIL,3700,3762,62
2025-04-30 18:55:10,EUROPA,6400,6652,252
2025-04-30 18:55:20,ÁSIA,7200,7343,143
2025-04-30 18:55:27,BRASIL,3700,3717,17
2025-04-30 18:55:34,ÁSIA,7200,7401,201
2025-04-30 18:55:43,ÁSIA,7200,7378,178
2025-04-30 18:55:53,ÁSIA,7200,7093,-107
2025-04-30 18:55:58,BRASIL,3700,3651,-49
2025-04-30 18:56:04,EUROPA,6400,6528,128
2025-04-30 18:56:13,BRASIL,3700,3862,162
2025-04-30 18:56:22,BRASIL,3700,3544,-156
2025-04-30 18:56:32,ÁSIA,7200,7264,64
2025-04-30 18:56:41,Rio de Janeiro,3500,3347,-153
2025-04-30 18:56:48,EUROPA,6400,6618,218
2025-04-30 18:56:54,CARIBE,4200,4107,-93
2025-04-30 18:57:03,BRASIL,3700,3528,-172
2025-04-30 18:57:13,CARIBE,4200,4363,163
2025-04-30 18:57:23,ÁSIA,7200,6922,-278
2025-04-30 18:57:33,Rio de Janeiro,3500,3321,-179
2025-04-30 18:57:38,EUROPA,6400,6182,-218
2025-04-30 18:57:43,MÉXICO,4100,4273,173
2025-04-30 18:57:51,CARIBE,4200,4295,95
2025-04-30 18:57:58,ÁSIA,7200,7371,171
2025-04-30 18:58:05,BRASIL,3700,3549,-151
2025-04-30 18:58:12,BRASIL,3700,3446,-254
2025-04-30 18:58:18,MÉXICO,4100,4140,40
2025-04-30 18:58:27,CARIBE,4200,4058,-142
2025-04-30 18:58:32,CARIBE,4200,4167,-33
2025-04-30 18:58:39,EUROPA,6400,6105,-295
2025-04-30 18:58:49,MÉXICO,4100,4239,139
2025-04-30 18:58:59,BRASIL,3700,3987,287
2025-04-30 18:59:05,CARIBE,4200,4258,58
2025-04-30 18:59:15,ÁSIA,7200,7284,84
2025-04-30 18:59:22,Rio de Janeiro,3500,3267,-233
2025-04-30 18:59:28,Rio de Janeiro,3500,3732,232
2025-04-30 18:59:38,BRASIL,3700,3759,59
2025-04-30 18:59:44,Rio de Janeiro,3500,3565,65
2025-04-30 18:59:52,CARIBE,4200,4356,156
2025-04-30 19:00:02,ÁSIA,7200,7026,-174
2025-04-30 19:00:10,Rio de Janeiro,3500,3793,293
2025-04-30 19:00:15,ÁSIA,7200,7481,281
2025-04-30 19:00:24,Rio de Janeiro,3500,3651,151
2025-04-30 19:00:30,MÉXICO,4100,3854,-246
2025-04-30 19:00:35,CARIBE,4200,3911,-289
2025-04-30 19:00:42,Rio de Janeiro,3500,3328,-172
2025-04-30 19:00:48,MÉXICO,4100,3837,-263
2025-04-30 19:00:56,ÁSIA,7200,7184,-16
2025-04-30 19:01:02,ÁSIA,7200,6908,-292
2025-04-30 19:01:10,ÁSIA,7200,6983,-217
2025-04-30 19:01:17,Rio de Janeiro,3500,3316,-184
2025-04-30 19:01:26,CARIBE,4200,3979,-221
2025-04-30 19:01:33,EUROPA,6400,6339,-61
2025-04-30 19:01:41,MÉXICO,4100,4274,174
2025-05-01 16:02:32,MÉXICO,4100,4157,57
2025-05-01 16:02:38,Rio de Janeiro,3500,3754,254
2025-05-01 16:02:45,MÉXICO,4100,4030,-70
2025-05-01 16:02:53,Rio de Janeiro,3500,3390,-110
2025-05-01 16:03:03,EUROPA,6400,6245,-155
2025-05-01 16:03:10,CARIBE,4200,3965,-235
2025-05-01 16:03:20,EUROPA,6400,6384,-16
2025-05-01 16:03:28,MÉXICO,4100,3842,-258
2025-05-01 16:03:34,BRASIL,3700,3803,103
2025-05-01 16:03:43,MÉXICO,4100,3865,-235
2025-05-01 16:03:50,EUROPA,6400,6413,13
2025-05-01 16:03:56,Rio de Janeiro,3500,3313,-187
2025-05-01 16:04:02,CARIBE,4200,4086,-114
2025-05-01 16:04:11,Rio de Janeiro,3500,3279,-221
2025-05-01 16:04:19,ÁSIA,7200,7042,-158
2025-05-01 16:04:26,ÁSIA,7200,7430,230
2025-05-01 16:04:34,Rio de Janeiro,3500,3577,77
2025-05-01 16:04:40,MÉXICO,4100,3912,-188
2025-05-01 16:04:49,CARIBE,4200,3956,-244
2025-05-01 16:04:59,Rio de Janeiro,3500,3216,-284
2025-05-01 16:05:07,EUROPA,6400,6395,-5
2025-05-01 16:05:17,ÁSIA,7200,7453,253
2025-05-01 16:05:24,ÁSIA,7200,7184,-16
2025-05-01 16:05:34,BRASIL,3700,3857,157
2025-05-01 16:05:40,MÉXICO,4100,4254,154
2025-05-01 16:05:49,CARIBE,4200,4474,274
2025-05-01 16:05:59,ÁSIA,7200,7015,-185
2025-05-01 16:06:08,EUROPA,6400,6608,208
2025-05-01 16:06:13,CARIBE,4200,4059,-141
2025-05-01 16:06:19,BRASIL,3700,3775,75
2025-05-01 16:06:24,ÁSIA,7200,7232,32
2025-05-01 16:06:34,ÁSIA,7200,7306,106
2025-05-01 16:06:39,BRASIL,3700,3957,257
2025-05-01 16:06:46,CARIBE,4200,4144,-56
2025-05-01 16:06:54,MÉXICO,4100,4044,-56
2025-05-01 16:06:59,MÉXICO,4100,4236,136
2025-05-01 16:07:09,MÉXICO,4100,4134,34
2025-05-01 16:07:15,CARIBE,4200,3915,-285
2025-05-01 16:07:22,ÁSIA,7200,7103,-97
2025-05-01 16:07:29,Rio de Janeiro,3500,3493,-7
2025-05-01 16:07:37,MÉXICO,4100,4270,170
2025-05-01 16:07:45,MÉXICO,4100,3803,-297
2025-05-01 16:07:51,CARIBE,4200,4120,-80
2025-05-01 16:07:56,MÉXICO,4100,4120,20
2025-05-01 16:08:06,BRASIL,3700,3892,192
2025-05-01 16:08:16,ÁSIA,7200,7213,13
2025-05-01 16:08:24,Rio de Janeiro,3500,3614,114
2025-05-01 16:08:31,EUROPA,6400,6560,160
2025-05-01 16:08:37,ÁSIA,7200,7303,103
2025-05-01 16:08:45,BRASIL,3700,3956,256
2025-05-01 16:08:50,EUROPA,6400,6230,-170
2025-05-01 16:08:57,Rio de Janeiro,3500,3225,-275
2025-05-01 16:09:06,ÁSIA,7200,7435,235
2025-05-01 16:09:15,BRASIL,3700,3914,214
2025-05-01 16:09:23,EUROPA,6400,6277,-123
2025-05-01 16:09:31,EUROPA,6400,6277,-123
2025-05-01 16:09:36,CARIBE,4200,4466,266
2025-05-01 16:09:43,Rio de Janeiro,3500,3253,-247
2025-05-01 16:09:51,MÉXICO,4100,3860,-240
2025-05-01 16:10:00,BRASIL,3700,3827,127
2025-05-01 16:10:10,CARIBE,4200,4121,-79
2025-05-01 16:10:16,EUROPA,6400,6504,104
2025-05-01 16:10:22,ÁSIA,7200,7238,38
2025-05-01 16:10:30,Rio de Janeiro,3500,3232,-268
2025-05-01 16:10:38,ÁSIA,7200,7295,95
2025-05-01 16:10:45,ÁSIA,7200,7117,-83
2025-05-01 16:10:51,Rio de Janeiro,3500,3448,-52
2025-05-01 16:10:56,BRASIL,3700,3974,274
2025-05-01 16:11:02,MÉXICO,4100,4060,-40
2025-05-01 16:11:10,CARIBE,4200,4275,75
2025-05-01 16:11:19,CARIBE,4200,4397,197
2025-05-01 16:11:24,CARIBE,4200,4219,19
2025-05-01 16:11:31,EUROPA,6400,6404,4
2025-05-01 16:11:39,ÁSIA,7200,6950,-250
2025-05-01 16:11:48,BRASIL,3700,3786,86
2025-05-01 16:11:54,ÁSIA,7200,7438,238
2025-05-01 16:12:02,CARIBE,4200,4442,242
2025-05-01 16:12:12,MÉXICO,4100,3910,-190
2025-05-01 16:12:18,CARIBE,4200,4413,213
2025-05-01 16:12:27,Rio de Janeiro,3500,3253,-247
2025-05-01 16:12:33,Rio de Janeiro,3500,3388,-112
2025-05-01 16:12:42,MÉXICO,4100,4040,-60
2025-05-01 16:12:50,CARIBE,4200,4237,37
2025-05-01 16:12:56,CARIBE,4200,4066,-134
2025-05-01 16:13:01,Rio de Janeiro,3500,3749,249
2025-05-01 16:13:08,Rio de Janeiro,3500,3747,247
2025-05-01 16:13:17,MÉXICO,4100,4305,205
2025-05-01 16:13:27,MÉXICO,4100,3821,-279
2025-05-01 16:13:37,EUROPA,6400,6160,-240
2025-05-01 16:13:47,MÉXICO,4100,3874,-226
2025-05-01 16:13:54,CARIBE,4200,4413,213
2025-05-01 16:14:03,MÉXICO,4100,4114,14
2025-05-01 16:14:11,EUROPA,6400,6430,30
2025-05-01 16:14:20,EUROPA,6400,6554,154
2025-05-01 16:14:25,MÉXICO,4100,4144,44
2025-05-01 16:14:30,Rio de Janeiro,3500,3667,167
2025-05-01 16:14:35,Rio de Janeiro,3500,3641,141
2025-05-01 16:14:42,MÉXICO,4100,4022,-78
2025-05-01 16:14:47,EUROPA,6400,6456,56
2025-05-01 16:14:56,BRASIL,3700,3646,-54
2025-05-01 16:15:05,Rio de Janeiro,3500,3502,2
2025-05-01 16:15:11,MÉXICO,4100,4283,183
2025-05-01 16:15:20,EUROPA,6400,6103,-297
2025-05-01 16:15:25,ÁSIA,7200,7197,-3
2025-05-01 16:15:33,EUROPA,6400,6284,-116
2025-05-01 16:15:40,CARIBE,4200,4116,-84
2025-05-01 16:15:47,CARIBE,4200,4399,199
2025-05-01 16:15:57,CARIBE,4200,4256,56
2025-05-01 16:16:02,Rio de Janeiro,3500,3378,-122
2025-05-01 16:16:08,ÁSIA,7200,7177,-23
2025-05-01 16:16:16,Rio de Janeiro,3500,3715,215
2025-05-01 16:16:26,EUROPA,6400,6104,-296
2025-05-01 16:16:33,CARIBE,4200,3916,-284
2025-05-01 16:16:41,CARIBE,4200,4229,29
2025-05-01 16:16:51,CARIBE,4200,3997,-203
2025-05-01 16:16:58,MÉXICO,4100,4307,207
2025-05-01 16:17:07,BRASIL,3700,3831,131
2025-05-01 16:17:14,MÉXICO,4100,4185,85
2025-05-01 16:17:23,ÁSIA,7200,7153,-47
2025-05-01 16:17:33,EUROPA,6400,6338,-62
2025-05-01 16:17:40,ÁSIA,7200,7255,55
2025-05-01 16:17:47,Rio de Janeiro,3500,3392,-108
2025-05-01 16:17:52,MÉXICO,4100,4234,134
2025-05-01 16:18:00,Rio de Janeiro,3500,3491,-9
2025-05-01 16:18:06,BRASIL,3700,3748,48
2025-05-01 16:18:12,ÁSIA,7200,6967,-233
2025-05-01 16:18:19,EUROPA,6400,6670,270
2025-05-01 16:18:26,CARIBE,4200,4416,216
2025-05-01 16:18:32,MÉXICO,4100,4136,36
2025-05-01 16:18:40,Rio de Janeiro,3500,3641,141
2025-05-01 16:18:50,CARIBE,4200,4144,-56
2025-05-01 16:19:00,BRASIL,3700,3735,35
2025-05-01 16:19:05,ÁSIA,7200,7155,-45
2025-05-01 16:19:12,CARIBE,4200,4483,283
2025-05-01 16:19:19,MÉXICO,4100,4022,-78
2025-05-01 16:19:28,MÉXICO,4100,4006,-94
2025-05-01 16:19:37,CARIBE,4200,4143,-57
2025-05-01 16:19:46,BRASIL,3700,3686,-14
2025-05-01 16:19:51,ÁSIA,7200,7342,142
2025-05-01 16:19:59,ÁSIA,7200,7229,29
2025-05-01 16:20:06,CARIBE,4200,4179,-21
2025-05-01 16:20:21,BRASIL,3700,3495,-205
2025-05-01 16:20:29,Rio de Janeiro,3500,3314,-186
2025-05-01 16:20:37,EUROPA,6400,6193,-207
2025-05-01 16:20:47,CARIBE,4200,4266,66
2025-05-01 16:20:53,CARIBE,4200,4346,146
2025-05-01 16:21:00,Rio de Janeiro,3500,3319,-181
2025-05-01 16:21:05,Rio de Janeiro,3500,3373,-127
2025-05-01 16:21:13,ÁSIA,7200,7497,297
2025-05-01 16:21:19,EUROPA,6400,6415,15
2025-05-01 16:21:25,CARIBE,4200,4245,45
2025-05-01 16:21:32,CARIBE,4200,4115,-85
2025-05-01 16:21:41,Rio de Janeiro,3500,3560,60
2025-05-01 16:21:51,MÉXICO,4100,4392,292
2025-05-01 16:21:57,EUROPA,6400,6519,119
2025-05-01 16:22:02,ÁSIA,7200,7088,-112
2025-05-01 16:22:10,CARIBE,4200,4283,83
2025-05-01 16:22:16,BRASIL,3700,3608,-92
2025-05-01 16:22:26,MÉXICO,4100,4063,-37
2025-05-01 16:22:36,EUROPA,6400,6304,-96
2025-05-01 16:22:46,MÉXICO,4100,3957,-143
2025-05-01 16:22:53,EUROPA,6400,6172,-228
2025-05-01 16:22:59,MÉXICO,4100,4108,8
2025-05-01 16:23:05,EUROPA,6400,6683,283
2025-05-01 16:23:12,BRASIL,3700,3482,-218
2025-05-01 16:23:21,BRASIL,3700,3662,-38
2025-05-01 16:23:30,BRASIL,3700,3494,-206
2025-05-01 16:23:35,ÁSIA,7200,7412,212
2025-05-01 16:23:40,MÉXICO,4100,4242,142
2025-05-01 16:23:47,EUROPA,6400,6362,-38
2025-05-01 16:23:54,MÉXICO,4100,4343,243
2025-05-01 16:24:03,EUROPA,6400,6380,-20
2025-05-01 16:24:13,MÉXICO,4100,4058,-42
2025-05-01 16:24:19,BRASIL,3700,3965,265
2025-05-01 16:24:25,MÉXICO,4100,4067,-33
2025-05-01 16:24:33,EUROPA,6400,6543,143
2025-05-01 16:24:39,Rio de Janeiro,3500,3209,-291
2025-05-01 16:24:45,MÉXICO,4100,4114,14
2025-05-01 16:24:55,Rio de Janeiro,3500,3447,-53
2025-05-01 16:25:01,Rio de Janeiro,3500,3686,186
2025-05-01 16:25:08,CARIBE,4200,4454,254
2025-05-01 16:25:14,EUROPA,6400,6660,260
2025-05-01 16:25:20,BRASIL,3700,3776,76
2025-05-01 16:25:30,BRASIL,3700,3768,68
2025-05-01 16:25:36,EUROPA,6400,6372,-28
2025-05-01 16:25:46,ÁSIA,7200,7432,232
2025-05-01 16:25:52,MÉXICO,4100,3884,-216
2025-05-01 16:26:01,EUROPA,6400,6478,78
2025-05-01 16:26:11,BRASIL,3700,3826,126
2025-05-01 16:26:19,BRASIL,3700,3450,-250
2025-05-01 16:26:24,MÉXICO,4100,4085,-15
2025-05-01 16:26:34,CARIBE,4200,4354,154
2025-05-01 16:26:42,MÉXICO,4100,4044,-56
2025-05-01 16:26:50,CARIBE,4200,4334,134
2025-05-01 16:26:56,EUROPA,6400,6556,156
2025-05-01 16:27:06,Rio de Janeiro,3500,3338,-162
2025-05-01 16:27:11,Rio de Janeiro,3500,3518,18
2025-05-01 16:27:21,BRASIL,3700,3445,-255
2025-05-01 16:27:30,CARIBE,4200,4143,-57
2025-05-01 16:27:35,MÉXICO,4100,4295,195
2025-05-01 16:27:45,EUROPA,6400,6277,-123
2025-05-01 16:27:50,Rio de Janeiro,3500,3660,160
2025-05-01 16:27:56,ÁSIA,7200,7438,238
2025-05-01 16:28:04,MÉXICO,4100,4013,-87
2025-05-01 16:28:10,MÉXICO,4100,3992,-108
2025-05-01 16:28:16,Rio de Janeiro,3500,3751,251
2025-05-01 16:28:25,ÁSIA,7200,7415,215
2025-05-01 16:28:30,CARIBE,4200,3924,-276
2025-05-01 16:28:37,BRASIL,3700,3499,-201
2025-05-01 16:28:43,MÉXICO,4100,4252,152
2025-05-01 16:28:50,EUROPA,6400,6655,255
2025-05-01 16:28:56,CARIBE,4200,4228,28
2025-05-01 16:29:04,ÁSIA,7200,7449,249
2025-05-01 16:29:12,ÁSIA,7200,7165,-35
2025-05-01 16:29:18,BRASIL,3700,3402,-298
2025-05-01 16:29:23,CARIBE,4200,4161,-39
2025-05-01 16:29:31,ÁSIA,7200,7103,-97
2025-05-01 16:29:40,EUROPA,6400,6587,187
2025-05-01 16:29:46,EUROPA,6400,6624,224
2025-05-01 16:29:56,ÁSIA,7200,6923,-277
2025-05-01 16:30:03,CARIBE,4200,3941,-259
2025-05-01 16:30:11,EUROPA,6400,6580,180
2025-05-01 16:30:19,BRASIL,3700,3622,-78
2025-05-01 16:30:24,BRASIL,3700,3878,178
2025-05-01 16:30:29,EUROPA,6400,6532,132
2025-05-01 16:30:37,EUROPA,6400,6369,-31
2025-05-01 16:30:45,MÉXICO,4100,3808,-292
2025-05-01 16:30:53,EUROPA,6400,6640,240
2025-05-01 16:30:58,Rio de Janeiro,3500,3280,-220
2025-05-01 16:31:08,Rio de Janeiro,3500,3352,-148
2025-05-01 16:31:14,CARIBE,4200,4423,223
2025-05-01 16:31:20,EUROPA,6400,6179,-221
2025-05-01 16:31:27,CARIBE,4200,4477,277
2025-05-01 16:31:33,EUROPA,6400,6663,263
2025-05-01 16:31:39,EUROPA,6400,6304,-96
2025-05-01 16:31:48,EUROPA,6400,6513,113
2025-05-01 16:31:55,EUROPA,6400,6563,163
2025-05-01 16:32:00,MÉXICO,4100,3842,-258
2025-05-01 16:32:10,Rio de Janeiro,3500,3633,133
2025-05-01 16:32:19,ÁSIA,7200,6906,-294
2025-05-01 16:32:24,CARIBE,4200,4292,92
2025-05-01 16:32:31,EUROPA,6400,6648,248
2025-05-01 16:32:39,BRASIL,3700,3589,-111
2025-05-01 16:32:45,BRASIL,3700,3913,213
2025-05-01 16:32:55,BRASIL,3700,3834,134
2025-05-01 16:33:02,Rio de Janeiro,3500,3791,291
2025-05-01 16:33:08,EUROPA,6400,6218,-182
2025-05-01 16:33:19,EUROPA,6400,6496,96
2025-05-01 16:33:25,BRASIL,3700,3998,298
2025-05-01 16:33:35,BRASIL,3700,3544,-156
2025-05-01 16:33:42,EUROPA,6400,6136,-264
2025-05-01 16:33:47,MÉXICO,4100,3899,-201
2025-05-01 16:33:57,MÉXICO,4100,3824,-276
2025-05-01 16:34:05,Rio de Janeiro,3500,3798,298
2025-05-01 16:34:10,EUROPA,6400,6261,-139
2025-05-01 16:34:15,BRASIL,3700,3726,26
2025-05-01 16:34:22,BRASIL,3700,3877,177
2025-05-01 16:34:30,CARIBE,4200,4192,-8
2025-05-01 16:34:39,EUROPA,6400,6232,-168
2025-05-01 16:34:49,EUROPA,6400,6184,-216
2025-05-01 16:34:55,MÉXICO,4100,3887,-213
2025-05-01 16:35:05,MÉXICO,4100,4070,-30
2025-05-01 16:35:11,Rio de Janeiro,3500,3388,-112
2025-05-01 16:35:19,ÁSIA,7200,6976,-224
2025-05-01 16:35:27,ÁSIA,7200,7088,-112
2025-05-01 16:35:33,CARIBE,4200,3987,-213
2025-05-01 16:35:39,BRASIL,3700,3571,-129
2025-05-01 16:35:46,MÉXICO,4100,3977,-123
2025-05-01 16:35:51,BRASIL,3700,3777,77
2025-05-01 16:35:57,EUROPA,6400,6141,-259
2025-05-01 16:36:05,MÉXICO,4100,4294,194
2025-05-01 16:36:15,MÉXICO,4100,3999,-101
2025-05-01 16:36:23,BRASIL,3700,3746,46
2025-05-01 16:36:32,ÁSIA,7200,7391,191
2025-05-01 16:36:37,CARIBE,4200,4486,286
2025-05-01 16:36:45,Rio de Janeiro,3500,3202,-298
2025-05-01 16:36:51,ÁSIA,7200,7372,172
2025-05-01 16:36:59,ÁSIA,7200,7099,-101
2025-05-01 16:37:09,Rio de Janeiro,3500,3347,-153
2025-05-01 16:37:17,CARIBE,4200,4193,-7
2025-05-01 16:37:23,MÉXICO,4100,3951,-149
2025-05-01 16:37:30,ÁSIA,7200,6987,-213
2025-05-01 16:37:39,EUROPA,6400,6587,187
2025-05-01 16:37:47,EUROPA,6400,6236,-164
2025-05-01 16:37:52,ÁSIA,7200,7090,-110
2025-05-01 16:38:01,EUROPA,6400,6147,-253
2025-05-01 16:38:06,CARIBE,4200,4124,-76
2025-05-01 16:38:16,ÁSIA,7200,7465,265
2025-05-01 16:38:22,EUROPA,6400,6258,-142
2025-05-01 16:38:32,CARIBE,4200,4435,235
2025-05-01 16:38:37,MÉXICO,4100,4271,171
2025-05-01 16:38:42,EUROPA,6400,6689,289
2025-05-01 16:38:48,BRASIL,3700,3845,145
2025-05-01 16:38:57,EUROPA,6400,6367,-33
2025-05-01 16:39:02,ÁSIA,7200,7007,-193
2025-05-01 16:39:08,CARIBE,4200,4419,219
2025-05-01 16:39:14,MÉXICO,4100,3918,-182
2025-05-01 16:39:22,MÉXICO,4100,3953,-147
2025-05-01 16:39:31,CARIBE,4200,4015,-185
2025-05-01 16:39:41,ÁSIA,7200,7375,175
2025-05-01 16:39:46,ÁSIA,7200,7323,123
2025-05-01 16:39:57,CARIBE,4200,4342,142
2025-05-01 16:40:02,CARIBE,4200,3943,-257
2025-05-01 16:40:10,BRASIL,3700,3824,124
2025-05-01 16:40:15,BRASIL,3700,3957,257
2025-05-01 16:40:23,ÁSIA,7200,7340,140
2025-05-01 16:40:28,CARIBE,4200,4238,38
2025-05-01 16:40:36,MÉXICO,4100,4036,-64
2025-05-01 16:40:45,ÁSIA,7200,7227,27
2025-05-01 16:40:52,CARIBE,4200,4184,-16
2025-05-01 16:40:57,EUROPA,6400,6256,-144
2025-05-01 16:41:02,EUROPA,6400,6459,59
2025-05-01 16:41:10,CARIBE,4200,4205,5
2025-05-01 16:41:17,ÁSIA,7200,7032,-168
2025-05-01 16:41:22,ÁSIA,7200,7244,44
2025-05-01 16:41:29,EUROPA,6400,6348,-52
2025-05-01 16:41:38,Rio de Janeiro,3500,3538,38
2025-05-01 16:41:48,BRASIL,3700,3997,297
2025-05-01 16:41:57,EUROPA,6400,6355,-45
2025-05-01 16:42:02,CARIBE,4200,4052,-148
2025-05-01 16:42:11,ÁSIA,7200,7177,-23
2025-05-01 16:42:21,BRASIL,3700,3436,-264
2025-05-01 16:42:31,ÁSIA,7200,7141,-59
2025-05-01 16:42:38,ÁSIA,7200,7032,-168
2025-05-01 16:42:47,Rio de Janeiro,3500,3230,-270
2025-05-01 16:42:53,MÉXICO,4100,4300,200
2025-05-01 16:42:58,BRASIL,3700,3544,-156
2025-05-01 16:43:03,ÁSIA,7200,7026,-174
2025-05-01 16:43:13,MÉXICO,4100,3867,-233
2025-05-01 16:43:22,EUROPA,6400,6458,58
2025-05-01 16:43:28,EUROPA,6400,6533,133
2025-05-01 16:43:34,CARIBE,4200,4350,150
2025-05-01 16:43:40,CARIBE,4200,4350,150
2025-05-01 16:43:48,CARIBE,4200,4400,200
2025-05-01 16:43:54,CARIBE,4200,4389,189
2025-05-01 16:44:03,ÁSIA,7200,7380,180
2025-05-01 16:44:10,MÉXICO,4100,3846,-254
2025-05-01 16:44:18,EUROPA,6400,6540,140
2025-05-01 16:44:23,BRASIL,3700,3807,107
2025-05-01 16:44:28,ÁSIA,7200,7046,-154
2025-05-01 16:44:37,CARIBE,4200,3934,-266
2025-05-01 16:44:45,BRASIL,3700,3467,-233
2025-05-01 16:44:54,CARIBE,4200,4429,229
2025-05-01 16:45:03,ÁSIA,7200,7077,-123
2025-05-01 16:45:11,CARIBE,4200,4317,117
2025-05-01 16:45:21,MÉXICO,4100,4199,99
2025-05-01 16:45:28,MÉXICO,4100,4237,137
2025-05-01 16:45:36,MÉXICO,4100,3875,-225
2025-05-01 16:45:41,ÁSIA,7200,6905,-295
2025-05-01 16:45:51,BRASIL,3700,3655,-45
2025-05-01 16:45:56,MÉXICO,4100,4013,-87
2025-05-01 16:46:02,BRASIL,3700,3567,-133
2025-05-01 16:46:07,Rio de Janeiro,3500,3727,227
2025-05-01 16:46:15,EUROPA,6400,6190,-210
2025-05-01 16:46:25,CARIBE,4200,4443,243
2025-05-01 16:46:30,Rio de Janeiro,3500,3643,143
2025-05-01 16:46:39,CARIBE,4200,4334,134
2025-05-01 16:46:47,Rio de Janeiro,3500,3451,-49
2025-05-01 16:46:57,MÉXICO,4100,3875,-225
2025-05-01 16:47:02,EUROPA,6400,6301,-99
2025-05-01 16:47:08,BRASIL,3700,3927,227
2025-05-01 16:47:17,BRASIL,3700,3839,139
2025-05-01 16:47:25,MÉXICO,4100,3867,-233
2025-05-01 16:47:33,CARIBE,4200,3942,-258
2025-05-01 16:47:38,BRASIL,3700,3670,-30
2025-05-01 16:47:43,MÉXICO,4100,4252,152
2025-05-01 16:47:50,MÉXICO,4100,4220,120
2025-05-01 16:48:00,EUROPA,6400,6467,67
2025-05-01 16:48:10,ÁSIA,7200,7145,-55
2025-05-01 16:48:15,CARIBE,4200,4215,15
2025-05-01 16:48:25,BRASIL,3700,3516,-184
2025-05-01 16:48:31,ÁSIA,7200,7441,241
2025-05-01 16:48:37,Rio de Janeiro,3500,3391,-109
2025-05-01 16:48:45,Rio de Janeiro,3500,3569,69
2025-05-01 16:48:52,MÉXICO,4100,4377,277
2025-05-01 16:48:57,Rio de Janeiro,3500,3577,77
2025-05-01 16:49:02,MÉXICO,4100,4226,126
2025-05-01 16:49:11,EUROPA,6400,6454,54
2025-05-01 16:49:16,CARIBE,4200,4367,167
2025-05-01 16:49:24,EUROPA,6400,6518,118
2025-05-01 16:49:34,ÁSIA,7200,6978,-222
2025-05-01 16:49:42,Rio de Janeiro,3500,3235,-265
2025-05-01 16:49:49,MÉXICO,4100,4115,15
2025-05-01 16:49:57,EUROPA,6400,6405,5
2025-05-01 16:50:07,MÉXICO,4100,4298,198
2025-05-01 16:50:13,ÁSIA,7200,6936,-264
2025-05-01 16:50:20,ÁSIA,7200,6955,-245
2025-05-01 16:50:27,MÉXICO,4100,4320,220
2025-05-01 16:50:34,Rio de Janeiro,3500,3690,190
2025-05-01 16:50:44,MÉXICO,4100,4071,-29
2025-05-01 16:50:49,EUROPA,6400,6405,5
2025-05-01 16:50:54,BRASIL,3700,3658,-42
2025-05-01 16:51:03,Rio de Janeiro,3500,3720,220
2025-05-01 16:51:12,BRASIL,3700,3931,231
2025-05-01 16:51:19,BRASIL,3700,3671,-29
2025-05-01 16:51:29,Rio de Janeiro,3500,3525,25
2025-05-01 16:51:35,Rio de Janeiro,3500,3246,-254
2025-05-01 16:51:45,BRASIL,3700,3597,-103
2025-05-01 16:51:55,ÁSIA,7200,7229,29
2025-05-01 16:52:00,ÁSIA,7200,7432,232
2025-05-01 16:52:06,EUROPA,6400,6238,-162
2025-05-01 16:52:16,CARIBE,4200,3977,-223
2025-05-01 16:52:21,BRASIL,3700,3590,-110
2025-05-01 16:52:31,CARIBE,4200,4105,-95
2025-05-01 16:52:38,CARIBE,4200,4022,-178
2025-05-01 16:52:47,MÉXICO,4100,4046,-54
2025-05-01 16:52:56,CARIBE,4200,4343,143
2025-05-01 16:53:06,CARIBE,4200,4399,199
2025-05-01 16:53:14,CARIBE,4200,4467,267
2025-05-01 16:53:21,EUROPA,6400,6133,-267
2025-05-01 16:53:26,MÉXICO,4100,3892,-208
2025-05-01 16:53:35,CARIBE,4200,4084,-116
2025-05-01 16:53:41,CARIBE,4200,4202,2
2025-05-01 16:53:49,CARIBE,4200,3946,-254
2025-05-01 16:53:54,CARIBE,4200,3955,-245
2025-05-01 16:54:04,Rio de Janeiro,3500,3345,-155
2025-05-01 16:54:10,CARIBE,4200,4307,107
2025-05-01 16:54:18,ÁSIA,7200,7064,-136
2025-05-01 16:54:25,CARIBE,4200,4421,221
2025-05-01 16:54:35,ÁSIA,7200,7337,137
2025-05-01 16:54:42,BRASIL,3700,3433,-267
2025-05-01 16:54:48,MÉXICO,4100,4380,280
2025-05-01 16:54:58,CARIBE,4200,4086,-114
2025-05-01 16:55:04,BRASIL,3700,3400,-300
2025-05-01 16:55:14,MÉXICO,4100,3995,-105
2025-05-01 16:55:21,EUROPA,6400,6570,170
2025-05-01 16:55:30,MÉXICO,4100,3930,-170
2025-05-01 16:55:38,Rio de Janeiro,3500,3769,269
2025-05-01 16:55:45,MÉXICO,4100,3996,-104
2025-05-01 16:55:52,CARIBE,4200,4464,264
2025-05-01 16:55:57,ÁSIA,7200,7304,104
2025-05-01 16:56:02,MÉXICO,4100,4084,-16
2025-05-01 16:56:11,MÉXICO,4100,4270,170
2025-05-01 16:56:19,ÁSIA,7200,6960,-240
2025-05-01 16:56:28,Rio de Janeiro,3500,3498,-2
2025-05-01 16:56:36,Rio de Janeiro,3500,3730,230
2025-05-01 16:56:41,EUROPA,6400,6235,-165
2025-05-01 16:56:46,BRASIL,3700,3725,25
2025-05-01 16:56:53,ÁSIA,7200,7471,271
2025-05-01 16:57:01,Rio de Janeiro,3500,3612,112
2025-05-01 16:57:09,Rio de Janeiro,3500,3770,270
2025-05-01 16:57:17,BRASIL,3700,3420,-280
2025-05-01 16:57:23,BRASIL,3700,3802,102
2025-05-01 16:57:33,MÉXICO,4100,4348,248
2025-05-01 16:57:43,Rio de Janeiro,3500,3473,-27
2025-05-01 16:57:48,BRASIL,3700,3897,197
2025-05-01 16:57:54,Rio de Janeiro,3500,3660,160
2025-05-01 16:58:00,BRASIL,3700,3496,-204
2025-05-01 16:58:08,Rio de Janeiro,3500,3529,29
2025-05-01 16:58:17,ÁSIA,7200,6913,-287
2025-05-01 16:58:27,EUROPA,6400,6418,18
2025-05-01 16:58:33,BRASIL,3700,3453,-247
2025-05-01 16:58:43,ÁSIA,7200,7016,-184
2025-05-01 16:58:49,CARIBE,4200,4423,223
2025-05-01 16:58:59,EUROPA,6400,6309,-91
2025-05-01 16:59:04,CARIBE,4200,4127,-73
2025-05-01 16:59:14,Rio de Janeiro,3500,3476,-24
2025-05-01 16:59:24,Rio de Janeiro,3500,3403,-97
2025-05-01 16:59:32,BRASIL,3700,3983,283
2025-05-01 16:59:39,EUROPA,6400,6238,-162
2025-05-01 16:59:48,MÉXICO,4100,4210,110
2025-05-01 16:59:57,EUROPA,6400,6222,-178
2025-05-01 17:00:06,BRASIL,3700,3638,-62
2025-05-01 17:00:15,MÉXICO,4100,4307,207
2025-05-01 17:00:25,ÁSIA,7200,6982,-218
2025-05-01 17:00:30,Rio de Janeiro,3500,3314,-186
2025-05-01 17:00:40,ÁSIA,7200,7045,-155
2025-05-01 17:00:46,Rio de Janeiro,3500,3549,49
2025-05-01 17:00:55,ÁSIA,7200,7060,-140
2025-05-01 17:01:04,Rio de Janeiro,3500,3286,-214
2025-05-01 17:01:14,EUROPA,6400,6640,240
2025-05-01 17:01:23,MÉXICO,4100,4090,-10
2025-05-01 17:01:29,CARIBE,4200,4248,48
2025-05-01 17:01:39,EUROPA,6400,6534,134
2025-05-01 17:01:48,ÁSIA,7200,7111,-89
2025-05-01 17:01:57,MÉXICO,4100,4280,180
2025-05-01 17:02:05,MÉXICO,4100,4350,250
2025-05-01 17:02:11,ÁSIA,7200,7006,-194
2025-05-01 17:02:19,Rio de Janeiro,3500,3597,97
2025-05-01 17:02:29,Rio de Janeiro,3500,3407,-93
2025-05-01 17:02:34,EUROPA,6400,6303,-97
2025-05-01 17:02:39,ÁSIA,7200,6966,-234
2025-05-01 17:02:45,EUROPA,6400,6478,78
2025-05-01 17:02:51,MÉXICO,4100,3996,-104
2025-05-01 17:02:56,EUROPA,6400,6674,274
2025-05-01 17:03:04,MÉXICO,4100,4070,-30
2025-05-01 17:03:11,MÉXICO,4100,3840,-260
2025-05-01 17:03:18,CARIBE,4200,4295,95
2025-05-01 17:03:25,EUROPA,6400,6580,180
2025-05-01 17:03:32,MÉXICO,4100,3999,-101
2025-05-01 17:03:42,EUROPA,6400,6392,-8
2025-05-01 17:03:51,EUROPA,6400,6605,205
2025-05-01 17:04:00,CARIBE,4200,4491,291
2025-05-01 17:04:05,EUROPA,6400,6686,286
2025-05-01 17:04:15,BRASIL,3700,3892,192
2025-05-01 17:04:25,ÁSIA,7200,7158,-42
2025-05-01 17:04:32,MÉXICO,4100,4222,122
2025-05-01 17:04:40,Rio de Janeiro,3500,3332,-168
2025-05-01 17:04:50,BRASIL,3700,3922,222
2025-05-01 17:05:00,EUROPA,6400,6529,129
2025-05-01 17:05:10,Rio de Janeiro,3500,3343,-157
2025-05-01 17:05:18,BRASIL,3700,3689,-11
2025-05-01 17:05:24,ÁSIA,7200,7134,-66
2025-05-01 17:05:29,BRASIL,3700,3667,-33
2025-05-01 17:05:37,MÉXICO,4100,4003,-97
2025-05-01 17:05:47,CARIBE,4200,4105,-95
2025-05-01 17:05:54,ÁSIA,7200,7006,-194
2025-05-01 17:06:00,CARIBE,4200,4486,286
2025-05-01 17:06:09,MÉXICO,4100,4234,134
2025-05-01 17:06:14,MÉXICO,4100,4057,-43
2025-05-01 17:06:24,CARIBE,4200,4258,58
2025-05-01 17:06:32,MÉXICO,4100,4160,60
2025-05-01 17:06:42,ÁSIA,7200,6951,-249
2025-05-01 17:06:48,CARIBE,4200,3960,-240
2025-05-01 17:06:57,Rio de Janeiro,3500,3337,-163
2025-05-01 17:07:03,EUROPA,6400,6206,-194
2025-05-01 17:07:13,EUROPA,6400,6367,-33
2025-05-01 17:07:18,MÉXICO,4100,4267,167
2025-05-01 17:07:23,EUROPA,6400,6634,234
2025-05-01 17:07:32,ÁSIA,7200,7356,156
2025-05-01 17:07:42,MÉXICO,4100,3903,-197
2025-05-01 17:07:47,EUROPA,6400,6410,10
2025-05-01 17:07:56,BRASIL,3700,3416,-284
2025-05-01 17:08:04,CARIBE,4200,4380,180
2025-05-01 17:08:09,MÉXICO,4100,3801,-299
2025-05-01 17:08:17,EUROPA,6400,6691,291
2025-05-01 17:08:23,BRASIL,3700,3983,283
2025-05-01 17:08:30,ÁSIA,7200,7010,-190
2025-05-01 17:08:37,Rio de Janeiro,3500,3779,279
2025-05-01 17:08:42,MÉXICO,4100,4269,169
2025-05-01 17:08:50,ÁSIA,7200,7367,167
2025-05-01 17:09:00,CARIBE,4200,4112,-88
2025-05-01 17:09:06,BRASIL,3700,3739,39
2025-05-01 17:09:14,CARIBE,4200,4019,-181
2025-05-01 17:09:21,Rio de Janeiro,3500,3398,-102
2025-05-01 17:09:31,EUROPA,6400,6631,231
2025-05-01 17:09:36,MÉXICO,4100,4231,131
2025-05-01 17:09:44,BRASIL,3700,3972,272
2025-05-01 17:09:51,CARIBE,4200,4458,258
2025-05-01 17:10:00,MÉXICO,4100,4022,-78
2025-05-01 17:10:09,BRASIL,3700,3844,144
2025-05-01 17:10:14,CARIBE,4200,4234,34
2025-05-01 17:10:22,EUROPA,6400,6323,-77
2025-05-01 17:10:29,Rio de Janeiro,3500,3392,-108
2025-05-01 17:10:36,MÉXICO,4100,3950,-150
2025-05-01 17:10:41,BRASIL,3700,3661,-39
2025-05-01 17:10:49,CARIBE,4200,4245,45
2025-05-01 17:10:54,ÁSIA,7200,7261,61
2025-05-01 17:11:05,CARIBE,4200,4093,-107
2025-05-01 17:11:10,Rio de Janeiro,3500,3726,226
2025-05-01 17:11:15,CARIBE,4200,3924,-276
2025-05-01 17:11:25,BRASIL,3700,3880,180
2025-05-01 17:11:35,CARIBE,4200,4466,266
2025-05-01 17:11:40,EUROPA,6400,6401,1
2025-05-01 17:11:48,CARIBE,4200,4207,7
2025-05-01 17:11:54,CARIBE,4200,4287,87
2025-05-01 17:12:03,BRASIL,3700,3871,171
2025-05-01 17:12:11,CARIBE,4200,3927,-273
2025-05-01 17:12:16,Rio de Janeiro,3500,3394,-106
2025-05-01 17:12:26,ÁSIA,7200,7081,-119
2025-05-01 17:12:33,MÉXICO,4100,4268,168
2025-05-01 17:12:38,BRASIL,3700,3611,-89
2025-05-01 17:12:48,MÉXICO,4100,3814,-286
2025-05-01 17:12:54,Rio de Janeiro,3500,3553,53
2025-05-01 17:13:00,BRASIL,3700,3437,-263
2025-05-01 17:13:06,EUROPA,6400,6258,-142
2025-05-01 17:13:13,BRASIL,3700,3553,-147
2025-05-01 17:13:20,CARIBE,4200,4406,206
2025-05-01 17:13:28,EUROPA,6400,6650,250
2025-05-01 17:13:34,CARIBE,4200,3916,-284
2025-05-01 17:13:43,Rio de Janeiro,3500,3785,285
2025-05-01 17:13:50,Rio de Janeiro,3500,3584,84
2025-05-01 17:13:57,CARIBE,4200,4262,62
2025-05-01 17:14:02,ÁSIA,7200,7178,-22
2025-05-01 17:14:12,MÉXICO,4100,3869,-231
2025-05-01 17:14:17,EUROPA,6400,6585,185
2025-05-01 17:14:27,EUROPA,6400,6419,19
2025-05-01 17:14:37,ÁSIA,7200,6958,-242
2025-05-01 17:14:47,MÉXICO,4100,4378,278
2025-05-01 17:14:53,ÁSIA,7200,7103,-97
2025-05-01 17:15:02,ÁSIA,7200,7348,148
2025-05-01 17:15:12,Rio de Janeiro,3500,3476,-24
2025-05-01 17:15:21,BRASIL,3700,3796,96
2025-05-01 17:15:29,CARIBE,4200,4272,72
2025-05-01 17:15:39,Rio de Janeiro,3500,3676,176
2025-05-01 17:15:49,ÁSIA,7200,6931,-269
2025-05-01 17:15:59,BRASIL,3700,3860,160
2025-05-01 17:16:05,EUROPA,6400,6169,-231
2025-05-01 17:16:10,MÉXICO,4100,4396,296
2025-05-01 17:16:18,CARIBE,4200,4471,271
2025-05-01 17:16:23,Rio de Janeiro,3500,3633,133
2025-05-01 17:16:32,ÁSIA,7200,7441,241
2025-05-01 17:16:40,BRASIL,3700,3874,174
2025-05-01 17:16:50,ÁSIA,7200,7460,260
2025-05-01 17:16:57,EUROPA,6400,6372,-28
2025-05-01 17:17:04,Rio de Janeiro,3500,3353,-147
2025-05-01 17:17:13,Rio de Janeiro,3500,3636,136
2025-05-01 17:17:18,MÉXICO,4100,4304,204
2025-05-01 17:17:25,ÁSIA,7200,7359,159
2025-05-01 17:17:35,MÉXICO,4100,4076,-24
2025-05-01 17:17:44,MÉXICO,4100,4088,-12
2025-05-01 17:17:52,BRASIL,3700,3539,-161
2025-05-01 17:18:02,CARIBE,4200,4398,198
2025-05-01 17:18:12,Rio de Janeiro,3500,3274,-226
2025-05-01 17:18:22,EUROPA,6400,6292,-108
2025-05-01 17:18:31,BRASIL,3700,3583,-117
2025-05-01 17:18:40,CARIBE,4200,4239,39
2025-05-01 17:18:45,CARIBE,4200,4187,-13
2025-05-01 17:18:50,EUROPA,6400,6455,55
2025-05-01 17:18:55,ÁSIA,7200,7150,-50
2025-05-01 17:19:03,MÉXICO,4100,4367,267
2025-05-01 17:19:09,Rio de Janeiro,3500,3573,73
2025-05-01 17:19:17,MÉXICO,4100,4342,242
2025-05-01 17:19:23,BRASIL,3700,3572,-128
2025-05-01 17:19:32,ÁSIA,7200,7460,260
2025-05-01 17:19:41,BRASIL,3700,3565,-135
2025-05-01 17:19:48,Rio de Janeiro,3500,3783,283
2025-05-01 17:19:54,BRASIL,3700,3592,-108
2025-05-01 17:19:59,BRASIL,3700,3762,62
2025-05-01 17:20:06,EUROPA,6400,6366,-34
2025-05-01 17:20:14,EUROPA,6400,6587,187
2025-05-01 17:20:21,MÉXICO,4100,4180,80
2025-05-01 17:20:28,BRASIL,3700,3633,-67
2025-05-01 17:20:35,CARIBE,4200,4497,297
2025-05-01 17:20:45,Rio de Janeiro,3500,3506,6
2025-05-01 17:20:53,ÁSIA,7200,7052,-148
2025-05-01 17:21:01,MÉXICO,4100,4152,52
2025-05-01 17:21:11,Rio de Janeiro,3500,3762,262
2025-05-01 17:21:17,BRASIL,3700,3664,-36
2025-05-01 17:21:23,BRASIL,3700,3872,172
2025-05-01 17:21:32,Rio de Janeiro,3500,3620,120
2025-05-01 17:21:40,BRASIL,3700,3797,97
2025-05-01 17:21:50,ÁSIA,7200,7007,-193
2025-05-01 17:21:55,MÉXICO,4100,3905,-195
2025-05-01 17:22:01,ÁSIA,7200,7442,242
2025-05-01 17:22:07,ÁSIA,7200,7063,-137
2025-05-01 17:22:16,BRASIL,3700,3450,-250
2025-05-01 17:22:25,Rio de Janeiro,3500,3506,6
2025-05-01 17:22:34,ÁSIA,7200,7341,141
2025-05-01 17:22:41,ÁSIA,7200,6904,-296
2025-05-01 17:22:47,ÁSIA,7200,7288,88
2025-05-01 17:22:57,ÁSIA,7200,7204,4
2025-05-01 17:23:05,CARIBE,4200,4227,27
2025-05-01 17:23:13,EUROPA,6400,6353,-47
2025-05-01 17:23:21,ÁSIA,7200,7226,26
2025-05-01 17:23:27,ÁSIA,7200,7272,72
2025-05-01 17:23:37,ÁSIA,7200,7069,-131
2025-05-01 17:23:43,CARIBE,4200,4170,-30
2025-05-01 17:23:52,Rio de Janeiro,3500,3551,51
2025-05-01 17:23:57,ÁSIA,7200,6999,-201
2025-05-01 17:24:03,EUROPA,6400,6476,76
2025-05-01 17:24:11,BRASIL,3700,3677,-23
2025-05-01 17:24:21,Rio de Janeiro,3500,3795,295
2025-05-01 17:24:28,ÁSIA,7200,7191,-9
2025-05-01 17:24:35,CARIBE,4200,4015,-185
2025-05-01 17:24:42,MÉXICO,4100,4269,169
2025-05-01 17:24:52,BRASIL,3700,3956,256
2025-05-01 17:25:01,MÉXICO,4100,3899,-201
2025-05-01 17:25:10,EUROPA,6400,6637,237
2025-05-01 17:25:16,BRASIL,3700,3411,-289
2025-05-01 17:25:21,EUROPA,6400,6660,260
2025-05-01 17:25:27,CARIBE,4200,4328,128
2025-05-01 17:25:36,BRASIL,3700,3885,185
2025-05-01 17:25:46,BRASIL,3700,3782,82
2025-05-01 17:25:56,EUROPA,6400,6446,46
2025-05-01 17:26:06,Rio de Janeiro,3500,3593,93
2025-05-01 17:26:12,CARIBE,4200,4323,123
2025-05-01 17:26:17,Rio de Janeiro,3500,3653,153
2025-05-01 17:26:23,Rio de Janeiro,3500,3489,-11
2025-05-01 17:26:33,BRASIL,3700,3510,-190
2025-05-01 17:26:43,EUROPA,6400,6181,-219
2025-05-01 17:26:53,ÁSIA,7200,7230,30
2025-05-01 17:27:02,EUROPA,6400,6502,102
2025-05-01 17:27:10,MÉXICO,4100,4115,15
2025-05-01 17:27:18,Rio de Janeiro,3500,3386,-114
2025-05-01 17:27:26,MÉXICO,4100,4168,68
2025-05-01 17:27:36,Rio de Janeiro,3500,3564,64
2025-05-01 17:27:46,ÁSIA,7200,7248,48
2025-05-01 17:27:54,MÉXICO,4100,4064,-36
2025-05-01 17:28:04,CARIBE,4200,4364,164
2025-05-01 17:28:11,CARIBE,4200,4025,-175
2025-05-01 17:28:21,MÉXICO,4100,4331,231
2025-05-01 17:28:28,EUROPA,6400,6386,-14
2025-05-01 17:28:36,ÁSIA,7200,7367,167
2025-05-01 17:28:42,ÁSIA,7200,7340,140
2025-05-01 17:28:48,ÁSIA,7200,7096,-104
2025-05-01 17:28:53,CARIBE,4200,4463,263
2025-05-01 17:29:03,BRASIL,3700,3591,-109
2025-05-01 17:29:12,BRASIL,3700,3415,-285
2025-05-01 17:29:19,Rio de Janeiro,3500,3447,-53
2025-05-01 17:29:29,CARIBE,4200,4081,-119
2025-05-01 17:29:39,EUROPA,6400,6267,-133
2025-05-01 17:29:49,EUROPA,6400,6578,178
2025-05-01 17:29:55,EUROPA,6400,6475,75
2025-05-01 17:30:02,ÁSIA,7200,7148,-52
2025-05-01 17:30:12,CARIBE,4200,3965,-235
2025-05-01 17:30:19,Rio de Janeiro,3500,3765,265
2025-05-01 17:30:24,EUROPA,6400,6179,-221
2025-05-01 17:30:31,MÉXICO,4100,4038,-62
2025-05-01 17:30:36,BRASIL,3700,3706,6
2025-05-01 17:30:41,EUROPA,6400,6629,229
2025-05-01 17:30:50,EUROPA,6400,6271,-129
2025-05-01 17:30:55,EUROPA,6400,6444,44
2025-05-01 17:31:05,CARIBE,4200,4067,-133
2025-05-01 17:31:14,BRASIL,3700,3545,-155
2025-05-01 17:31:22,Rio de Janeiro,3500,3431,-69
2025-05-01 17:31:32,ÁSIA,7200,7142,-58
2025-05-01 17:31:38,CARIBE,4200,4314,114
2025-05-01 17:31:46,BRASIL,3700,3544,-156
2025-05-01 17:31:55,ÁSIA,7200,7426,226
2025-05-01 17:32:04,EUROPA,6400,6377,-23
2025-05-01 17:32:13,CARIBE,4200,4204,4
2025-05-01 17:32:19,EUROPA,6400,6591,191
2025-05-01 17:32:28,CARIBE,4200,4415,215
2025-05-01 17:32:34,MÉXICO,4100,3901,-199
2025-05-01 17:32:41,Rio de Janeiro,3500,3533,33
2025-05-01 17:32:51,MÉXICO,4100,4139,39
2025-05-01 17:32:58,CARIBE,4200,4219,19
2025-05-01 17:33:04,ÁSIA,7200,6946,-254
2025-05-01 17:33:10,ÁSIA,7200,7157,-43
2025-05-01 17:33:16,MÉXICO,4100,4240,140
2025-05-01 17:33:23,MÉXICO,4100,3822,-278
2025-05-01 17:33:28,MÉXICO,4100,4213,113
2025-05-01 17:33:38,CARIBE,4200,4115,-85
2025-05-01 17:33:45,CARIBE,4200,4414,214
2025-05-01 17:33:54,Rio de Janeiro,3500,3538,38
2025-05-01 17:33:59,MÉXICO,4100,3907,-193
2025-05-01 17:34:05,BRASIL,3700,3880,180
2025-05-01 17:34:10,ÁSIA,7200,7356,156
2025-05-01 17:34:19,MÉXICO,4100,4194,94
2025-05-01 17:34:29,BRASIL,3700,3439,-261
2025-05-01 17:34:37,EUROPA,6400,6391,-9
2025-05-01 17:34:45,Rio de Janeiro,3500,3469,-31
2025-05-01 17:34:52,ÁSIA,7200,7319,119
2025-05-01 17:34:59,ÁSIA,7200,7212,12
2025-05-01 17:35:08,ÁSIA,7200,7361,161
2025-05-01 17:35:14,ÁSIA,7200,6904,-296
2025-05-01 17:35:22,ÁSIA,7200,7353,153
2025-05-01 17:35:28,MÉXICO,4100,4264,164
2025-05-01 17:35:37,CARIBE,4200,3950,-250
2025-05-01 17:35:47,BRASIL,3700,3448,-252
2025-05-01 17:35:52,CARIBE,4200,4259,59
2025-05-01 17:36:01,MÉXICO,4100,4300,200
2025-05-01 17:36:08,CARIBE,4200,3978,-222
2025-05-01 17:36:16,ÁSIA,7200,7118,-82
2025-05-01 17:36:24,BRASIL,3700,3902,202
2025-05-01 17:36:34,BRASIL,3700,3951,251
2025-05-01 17:36:43,BRASIL,3700,3807,107
2025-05-01 17:36:52,MÉXICO,4100,4390,290
2025-05-01 17:36:59,MÉXICO,4100,4330,230
2025-05-01 17:37:05,EUROPA,6400,6167,-233
2025-05-01 17:37:13,ÁSIA,7200,7494,294
2025-05-01 17:37:22,Rio de Janeiro,3500,3733,233
2025-05-01 17:37:29,BRASIL,3700,3830,130
2025-05-01 17:37:35,BRASIL,3700,3410,-290
2025-05-01 17:37:40,ÁSIA,7200,7113,-87
2025-05-01 17:37:48,ÁSIA,7200,6904,-296
2025-05-01 17:37:53,Rio de Janeiro,3500,3662,162
2025-05-01 17:38:02,MÉXICO,4100,3992,-108
2025-05-01 17:38:08,BRASIL,3700,3496,-204
2025-05-01 17:38:18,ÁSIA,7200,7319,119
2025-05-01 17:38:24,BRASIL,3700,3814,114
2025-05-01 17:38:34,BRASIL,3700,3831,131
2025-05-01 17:38:43,BRASIL,3700,3518,-182
2025-05-01 17:38:52,ÁSIA,7200,7244,44
2025-05-01 17:39:00,MÉXICO,4100,4106,6
2025-05-01 17:39:07,CARIBE,4200,4042,-158
2025-05-01 17:39:15,Rio de Janeiro,3500,3451,-49
2025-05-01 17:39:21,MÉXICO,4100,3931,-169
2025-05-01 17:39:26,ÁSIA,7200,7310,110
2025-05-01 17:39:34,BRASIL,3700,3481,-219
2025-05-01 17:39:43,ÁSIA,7200,7279,79
2025-05-01 17:39:53,ÁSIA,7200,7485,285
2025-05-01 17:40:01,CARIBE,4200,4088,-112
2025-05-01 17:40:09,CARIBE,4200,4136,-64
2025-05-01 17:40:15,EUROPA,6400,6485,85
2025-05-01 17:40:20,EUROPA,6400,6272,-128
2025-05-01 17:40:29,ÁSIA,7200,6910,-290
2025-05-01 17:40:34,MÉXICO,4100,4331,231
2025-05-01 17:40:41,CARIBE,4200,4161,-39
2025-05-01 17:40:51,EUROPA,6400,6122,-278
2025-05-01 17:40:59,MÉXICO,4100,4018,-82
2025-05-01 17:41:05,ÁSIA,7200,7104,-96
2025-05-01 17:41:13,ÁSIA,7200,7401,201
2025-05-01 17:41:23,ÁSIA,7200,7451,251
2025-05-01 17:41:32,CARIBE,4200,4181,-19
2025-05-01 17:41:37,EUROPA,6400,6603,203
2025-05-01 17:41:42,CARIBE,4200,4186,-14
2025-05-01 17:41:52,CARIBE,4200,4488,288
2025-05-01 17:41:58,Rio de Janeiro,3500,3716,216
2025-05-01 17:42:03,Rio de Janeiro,3500,3378,-122
2025-05-01 17:42:08,ÁSIA,7200,7222,22
2025-05-01 17:42:16,CARIBE,4200,4084,-116
2025-05-01 17:42:24,EUROPA,6400,6450,50
2025-05-01 17:42:34,EUROPA,6400,6423,23
2025-05-01 17:42:39,MÉXICO,4100,4076,-24
2025-05-01 17:42:48,BRASIL,3700,3459,-241
2025-05-01 17:42:58,CARIBE,4200,3964,-236
2025-05-01 17:43:06,Rio de Janeiro,3500,3492,-8
2025-05-01 17:43:16,ÁSIA,7200,7042,-158
2025-05-01 17:43:26,BRASIL,3700,3837,137
2025-05-01 17:43:34,EUROPA,6400,6461,61
2025-05-01 17:43:44,MÉXICO,4100,4287,187
2025-05-01 17:43:54,MÉXICO,4100,4323,223
2025-05-01 17:44:00,Rio de Janeiro,3500,3380,-120
2025-05-01 17:44:05,ÁSIA,7200,7316,116
2025-05-01 17:44:13,MÉXICO,4100,4092,-8
2025-05-01 17:44:19,BRASIL,3700,3537,-163
2025-05-01 17:44:28,EUROPA,6400,6230,-170
2025-05-01 17:44:37,CARIBE,4200,4235,35
2025-05-01 17:44:42,ÁSIA,7200,7086,-114
2025-05-01 17:44:52,CARIBE,4200,4142,-58
2025-05-01 17:44:59,CARIBE,4200,4460,260
2025-05-01 17:45:07,BRASIL,3700,3788,88
2025-05-01 17:45:16,Rio de Janeiro,3500,3713,213
2025-05-01 17:45:25,MÉXICO,4100,3891,-209
2025-05-01 17:45:32,BRASIL,3700,3694,-6
2025-05-01 17:45:40,EUROPA,6400,6167,-233
2025-05-01 17:45:50,BRASIL,3700,3623,-77
2025-05-01 17:45:55,BRASIL,3700,3848,148
2025-05-01 17:46:04,BRASIL,3700,3756,56
2025-05-01 17:46:13,Rio de Janeiro,3500,3747,247
2025-05-01 17:46:18,Rio de Janeiro,3500,3493,-7
2025-05-01 17:46:24,MÉXICO,4100,3814,-286
2025-05-01 17:46:33,MÉXICO,4100,4213,113
2025-05-01 17:46:40,BRASIL,3700,3529,-171
2025-05-01 17:46:48,EUROPA,6400,6599,199
2025-05-01 17:46:57,MÉXICO,4100,4138,38
2025-05-01 17:47:05,EUROPA,6400,6135,-265
2025-05-01 17:47:14,Rio de Janeiro,3500,3531,31
2025-05-01 17:47:21,BRASIL,3700,3436,-264
2025-05-01 17:47:29,ÁSIA,7200,7226,26
2025-05-01 17:47:36,Rio de Janeiro,3500,3427,-73
2025-05-01 17:47:46,CARIBE,4200,4283,83
2025-05-01 17:47:53,BRASIL,3700,3479,-221
2025-05-01 17:48:01,CARIBE,4200,4180,-20
2025-05-01 17:48:10,ÁSIA,7200,7082,-118
2025-05-01 17:48:16,MÉXICO,4100,4156,56
2025-05-01 17:48:26,EUROPA,6400,6422,22
2025-05-01 17:48:33,Rio de Janeiro,3500,3285,-215
2025-05-01 17:48:41,MÉXICO,4100,4078,-22
2025-05-01 17:48:50,EUROPA,6400,6308,-92
2025-05-01 17:48:55,MÉXICO,4100,4280,180
2025-05-01 17:49:01,BRASIL,3700,3742,42
2025-05-01 17:49:06,MÉXICO,4100,3895,-205
2025-05-01 17:49:13,EUROPA,6400,6295,-105
2025-05-01 17:49:23,EUROPA,6400,6482,82
2025-05-01 17:49:29,CARIBE,4200,4257,57
2025-05-01 17:49:35,Rio de Janeiro,3500,3397,-103
2025-05-01 17:49:40,MÉXICO,4100,4347,247
2025-05-01 17:49:48,EUROPA,6400,6313,-87
2025-05-01 17:49:55,ÁSIA,7200,7055,-145
2025-05-01 17:50:04,CARIBE,4200,4240,40
2025-05-01 17:50:09,CARIBE,4200,4374,174
2025-05-01 17:50:18,ÁSIA,7200,7471,271
2025-05-01 17:50:23,EUROPA,6400,6216,-184
2025-05-01 17:50:31,CARIBE,4200,4282,82
2025-05-01 17:50:38,Rio de Janeiro,3500,3789,289
2025-05-01 17:50:45,BRASIL,3700,3755,55
2025-05-01 17:50:53,Rio de Janeiro,3500,3759,259
2025-05-01 17:51:00,MÉXICO,4100,3990,-110
2025-05-01 17:51:10,CARIBE,4200,4234,34
2025-05-01 17:51:16,EUROPA,6400,6477,77
2025-05-01 17:51:24,BRASIL,3700,3932,232
2025-05-01 17:51:32,EUROPA,6400,6608,208
2025-05-01 17:51:38,CARIBE,4200,4318,118
2025-05-01 17:51:43,MÉXICO,4100,3832,-268
2025-05-01 17:51:53,CARIBE,4200,4341,141
2025-05-01 17:51:58,EUROPA,6400,6447,47
2025-05-01 17:52:08,MÉXICO,4100,3823,-277
2025-05-01 17:52:16,CARIBE,4200,3958,-242
2025-05-01 17:52:25,Rio de Janeiro,3500,3671,171
2025-05-01 17:52:30,CARIBE,4200,4284,84
2025-05-01 17:52:37,BRASIL,3700,3948,248
2025-05-01 17:52:46,MÉXICO,4100,4097,-3
2025-05-01 17:52:52,ÁSIA,7200,7123,-77
2025-05-01 17:52:57,BRASIL,3700,3476,-224
2025-05-01 17:53:06,Rio de Janeiro,3500,3404,-96
2025-05-01 17:53:13,Rio de Janeiro,3500,3542,42
2025-05-01 17:53:19,ÁSIA,7200,6974,-226
2025-05-01 17:53:24,ÁSIA,7200,7266,66
2025-05-01 17:53:31,Rio de Janeiro,3500,3287,-213
2025-05-01 17:53:40,BRASIL,3700,3550,-150
2025-05-01 17:53:50,Rio de Janeiro,3500,3777,277
2025-05-01 17:53:56,CARIBE,4200,4370,170
2025-05-01 17:54:04,CARIBE,4200,4314,114
2025-05-01 17:54:09,EUROPA,6400,6464,64
2025-05-01 17:54:18,CARIBE,4200,4304,104
2025-05-01 17:54:27,MÉXICO,4100,3887,-213
2025-05-01 17:54:36,CARIBE,4200,4031,-169
2025-05-01 17:54:46,Rio de Janeiro,3500,3423,-77
2025-05-01 17:54:52,CARIBE,4200,4192,-8
2025-05-01 17:54:59,MÉXICO,4100,4315,215
2025-05-01 17:55:09,EUROPA,6400,6296,-104
2025-05-01 17:55:17,ÁSIA,7200,7263,63
2025-05-01 17:55:25,CARIBE,4200,4004,-196
2025-05-01 17:55:33,CARIBE,4200,4013,-187
2025-05-01 17:55:44,BRASIL,3700,3689,-11
2025-05-01 17:55:51,ÁSIA,7200,6904,-296
2025-05-01 17:55:59,Rio de Janeiro,3500,3526,26
2025-05-01 17:56:08,Rio de Janeiro,3500,3436,-64
2025-05-01 17:56:14,MÉXICO,4100,4074,-26
2025-05-01 17:56:21,MÉXICO,4100,4349,249
2025-05-01 17:56:29,EUROPA,6400,6177,-223
2025-05-01 17:56:36,MÉXICO,4100,3999,-101
2025-05-01 17:56:45,ÁSIA,7200,6979,-221
2025-05-01 17:56:51,ÁSIA,7200,7017,-183
2025-05-01 17:56:58,MÉXICO,4100,3992,-108
2025-05-01 17:57:08,ÁSIA,7200,7487,287
2025-05-01 17:57:16,ÁSIA,7200,6900,-300
2025-05-01 17:57:24,BRASIL,3700,3966,266
2025-05-01 17:57:29,EUROPA,6400,6408,8
2025-05-01 17:57:38,EUROPA,6400,6312,-88
2025-05-01 17:57:45,BRASIL,3700,3898,198
2025-05-01 17:57:53,EUROPA,6400,6141,-259
2025-05-01 17:58:03,EUROPA,6400,6622,222
2025-05-01 17:58:12,MÉXICO,4100,3806,-294
2025-05-01 17:58:21,MÉXICO,4100,4097,-3
2025-05-01 17:58:29,ÁSIA,7200,7495,295
2025-05-01 17:58:36,BRASIL,3700,3524,-176
2025-05-01 17:58:44,CARIBE,4200,4488,288
2025-05-01 17:58:50,ÁSIA,7200,7370,170
2025-05-01 17:58:55,EUROPA,6400,6397,-3
2025-05-01 17:59:03,ÁSIA,7200,7448,248
2025-05-01 17:59:09,MÉXICO,4100,4113,13
2025-05-01 17:59:14,CARIBE,4200,4450,250
2025-05-01 17:59:23,ÁSIA,7200,7264,64
2025-05-01 17:59:31,Rio de Janeiro,3500,3360,-140
2025-05-01 17:59:38,ÁSIA,7200,7358,158
2025-05-01 17:59:46,ÁSIA,7200,7214,14
2025-05-01 17:59:56,BRASIL,3700,3446,-254
2025-05-01 18:00:02,Rio de Janeiro,3500,3698,198
2025-05-01 18:00:12,EUROPA,6400,6559,159
2025-05-01 18:00:22,BRASIL,3700,3502,-198
2025-05-01 18:00:29,ÁSIA,7200,7004,-196
2025-05-01 18:00:34,BRASIL,3700,3809,109
2025-05-01 18:00:41,EUROPA,6400,6210,-190
2025-05-01 18:00:49,Rio de Janeiro,3500,3207,-293
2025-05-01 18:00:57,MÉXICO,4100,3867,-233
2025-05-01 18:01:07,BRASIL,3700,3451,-249
2025-05-01 18:01:13,BRASIL,3700,3613,-87
2025-05-01 18:01:22,BRASIL,3700,3790,90
2025-05-01 18:01:30,ÁSIA,7200,6938,-262
2025-05-01 18:01:39,CARIBE,4200,4461,261
2025-05-01 18:01:47,CARIBE,4200,4296,96
2025-05-01 18:01:54,ÁSIA,7200,7084,-116
2025-05-01 18:02:04,ÁSIA,7200,7076,-124
2025-05-01 18:02:13,EUROPA,6400,6393,-7
2025-05-01 18:02:21,MÉXICO,4100,4104,4
2025-05-01 18:02:31,CARIBE,4200,3984,-216
2025-05-01 18:02:37,ÁSIA,7200,7054,-146
2025-05-01 18:02:43,ÁSIA,7200,7283,83
2025-05-01 18:02:52,ÁSIA,7200,7077,-123
2025-05-01 18:03:00,Rio de Janeiro,3500,3305,-195
2025-05-01 18:03:06,ÁSIA,7200,7453,253
2025-05-01 18:03:16,CARIBE,4200,4478,278
2025-05-01 18:03:26,MÉXICO,4100,3913,-187
2025-05-01 18:03:33,BRASIL,3700,3639,-61
2025-05-01 18:03:42,Rio de Janeiro,3500,3619,119
2025-05-01 18:03:51,ÁSIA,7200,7237,37
2025-05-01 18:03:56,CARIBE,4200,3903,-297
2025-05-01 18:04:01,MÉXICO,4100,3972,-128
2025-05-01 18:04:06,CARIBE,4200,3906,-294
2025-05-01 18:04:14,MÉXICO,4100,3852,-248
2025-05-01 18:04:19,EUROPA,6400,6470,70
2025-05-01 18:04:26,CARIBE,4200,4368,168
2025-05-01 18:04:31,CARIBE,4200,4366,166
2025-05-01 18:04:36,EUROPA,6400,6524,124
2025-05-01 18:04:44,CARIBE,4200,4139,-61
2025-05-01 18:04:52,ÁSIA,7200,6990,-210
2025-05-01 18:05:00,EUROPA,6400,6169,-231
2025-05-01 18:05:06,EUROPA,6400,6524,124
2025-05-01 18:05:13,Rio de Janeiro,3500,3765,265
2025-05-01 18:05:32,MÉXICO,4100,3807,-293
2025-05-01 18:05:39,MÉXICO,4100,4153,53
2025-05-01 18:05:45,ÁSIA,7200,7188,-12
2025-05-01 18:05:54,ÁSIA,7200,6931,-269
2025-05-01 18:06:01,ÁSIA,7200,6996,-204
2025-05-01 18:06:09,ÁSIA,7200,7434,234
2025-05-01 18:06:14,EUROPA,6400,6349,-51
2025-05-01 18:06:19,EUROPA,6400,6202,-198
2025-05-01 18:06:24,Rio de Janeiro,3500,3691,191
2025-05-01 18:06:30,MÉXICO,4100,4026,-74
2025-05-01 18:06:39,CARIBE,4200,4111,-89
2025-05-01 18:06:49,CARIBE,4200,4066,-134
2025-05-01 18:06:58,MÉXICO,4100,4330,230
2025-05-01 18:07:04,MÉXICO,4100,3911,-189
2025-05-01 18:07:09,EUROPA,6400,6272,-128
2025-05-01 18:07:17,CARIBE,4200,4088,-112
2025-05-01 18:07:22,BRASIL,3700,3847,147
2025-05-01 18:07:32,CARIBE,4200,3939,-261
2025-05-01 18:07:43,MÉXICO,4100,4183,83
2025-05-01 18:07:52,EUROPA,6400,6401,1
2025-05-01 18:08:02,MÉXICO,4100,4254,154
2025-05-01 18:08:12,CARIBE,4200,4413,213
2025-05-01 18:08:17,CARIBE,4200,4038,-162
2025-05-01 18:08:27,EUROPA,6400,6283,-117
2025-05-01 18:08:37,BRASIL,3700,3854,154
2025-05-01 18:08:45,ÁSIA,7200,7370,170
2025-05-01 18:08:54,MÉXICO,4100,4090,-10
2025-05-01 18:09:03,ÁSIA,7200,6971,-229
2025-05-01 18:09:10,EUROPA,6400,6376,-24
2025-05-01 18:09:20,EUROPA,6400,6591,191
2025-05-01 18:09:28,ÁSIA,7200,7500,300
2025-05-01 18:09:34,CARIBE,4200,4277,77
2025-05-01 18:09:44,CARIBE,4200,4136,-64
2025-05-01 18:09:51,CARIBE,4200,4073,-127
2025-05-01 18:10:00,CARIBE,4200,4112,-88
2025-05-01 18:10:09,CARIBE,4200,4383,183
2025-05-01 18:10:14,MÉXICO,4100,4389,289
2025-05-01 18:10:21,BRASIL,3700,3809,109
2025-05-01 18:10:26,CARIBE,4200,4240,40
2025-05-01 18:10:33,Rio de Janeiro,3500,3510,10
2025-05-01 18:10:43,CARIBE,4200,4099,-101
2025-05-01 18:10:52,BRASIL,3700,3512,-188
2025-05-01 18:13:00,ÁSIA,7200,7455,255
2025-05-01 18:13:07,ÁSIA,7200,7318,118
2025-05-01 18:13:13,ÁSIA,7200,7005,-195
2025-05-01 18:13:23,BRASIL,3700,3725,25
2025-05-01 18:13:30,Rio de Janeiro,3500,3796,296
2025-05-01 18:13:37,EUROPA,6400,6619,219
2025-05-01 18:13:43,BRASIL,3700,3539,-161
2025-05-01 18:13:51,CARIBE,4200,3937,-263
2025-05-01 18:13:59,BRASIL,3700,3909,209
2025-05-01 18:14:04,MÉXICO,4100,3931,-169
2025-05-01 18:14:11,Rio de Janeiro,3500,3744,244
2025-05-01 18:14:21,ÁSIA,7200,7230,30
2025-05-01 18:14:30,CARIBE,4200,3944,-256
2025-05-01 18:14:39,CARIBE,4200,4223,23
2025-05-01 18:14:48,MÉXICO,4100,3879,-221
2025-05-01 18:14:54,Rio de Janeiro,3500,3794,294
2025-05-01 18:15:02,CARIBE,4200,4418,218
2025-05-01 18:15:11,CARIBE,4200,3958,-242
2025-05-01 18:15:21,EUROPA,6400,6694,294
2025-05-01 18:15:27,CARIBE,4200,3984,-216
2025-05-01 18:15:37,CARIBE,4200,4222,22
2025-05-01 18:15:46,CARIBE,4200,4450,250
2025-05-01 18:15:56,CARIBE,4200,4211,11
2025-05-01 18:16:01,Rio de Janeiro,3500,3483,-17
2025-05-01 18:16:10,MÉXICO,4100,3927,-173
2025-05-01 18:16:19,ÁSIA,7200,7278,78
2025-05-01 18:16:25,CARIBE,4200,4003,-197
2025-05-01 18:16:30,EUROPA,6400,6398,-2
2025-05-01 18:16:35,CARIBE,4200,4353,153
2025-05-01 18:16:45,MÉXICO,4100,3832,-268
2025-05-01 18:16:55,BRASIL,3700,3744,44
2025-05-01 18:17:02,CARIBE,4200,4115,-85
2025-05-01 18:17:10,EUROPA,6400,6633,233
2025-05-01 18:17:17,EUROPA,6400,6451,51
2025-05-01 18:17:25,MÉXICO,4100,4111,11
2025-05-01 18:17:30,ÁSIA,7200,7094,-106
2025-05-01 18:17:37,MÉXICO,4100,3832,-268
2025-05-01 18:17:46,BRASIL,3700,3716,16
2025-05-01 18:17:54,BRASIL,3700,3400,-300
2025-05-01 18:18:03,EUROPA,6400,6173,-227
2025-05-01 18:18:13,EUROPA,6400,6423,23
2025-05-01 18:18:23,BRASIL,3700,3887,187
2025-05-01 18:18:33,EUROPA,6400,6135,-265
2025-05-01 18:18:43,Rio de Janeiro,3500,3745,245
2025-05-01 18:18:51,EUROPA,6400,6526,126
2025-05-01 18:18:57,CARIBE,4200,4113,-87
2025-05-01 18:19:07,BRASIL,3700,3953,253
2025-05-01 18:19:14,ÁSIA,7200,7434,234
2025-05-01 18:19:19,Rio de Janeiro,3500,3421,-79
2025-05-01 18:19:24,CARIBE,4200,4044,-156
2025-05-01 18:19:29,Rio de Janeiro,3500,3434,-66
2025-05-01 18:19:36,MÉXICO,4100,3802,-298
2025-05-01 18:19:42,EUROPA,6400,6152,-248
2025-05-01 18:19:50,ÁSIA,7200,7336,136
2025-05-01 18:19:56,MÉXICO,4100,4305,205
2025-05-01 18:20:02,CARIBE,4200,3951,-249
2025-05-01 18:20:09,BRASIL,3700,3912,212
2025-05-01 18:20:16,Rio de Janeiro,3500,3348,-152
2025-05-01 18:20:26,ÁSIA,7200,6936,-264
2025-05-01 18:20:35,EUROPA,6400,6462,62
2025-05-01 18:20:40,Rio de Janeiro,3500,3391,-109
2025-05-01 18:20:48,Rio de Janeiro,3500,3642,142
2025-05-01 18:20:56,ÁSIA,7200,6927,-273
2025-05-01 18:21:03,MÉXICO,4100,4086,-14
2025-05-01 18:21:13,MÉXICO,4100,3987,-113
2025-05-01 18:21:20,Rio de Janeiro,3500,3559,59
2025-05-01 18:21:25,ÁSIA,7200,7314,114
2025-05-01 18:21:33,BRASIL,3700,3734,34
2025-05-01 18:21:41,BRASIL,3700,3767,67
2025-05-01 18:21:46,MÉXICO,4100,4093,-7
2025-05-01 18:21:52,Rio de Janeiro,3500,3695,195
2025-05-01 18:21:57,ÁSIA,7200,6926,-274
2025-05-01 18:22:03,Rio de Janeiro,3500,3722,222
2025-05-01 18:22:13,BRASIL,3700,3500,-200
2025-05-01 18:22:22,CARIBE,4200,4232,32
2025-05-01 18:22:32,CARIBE,4200,3919,-281
2025-05-01 18:22:37,CARIBE,4200,4336,136
2025-05-01 18:22:47,BRASIL,3700,3774,74
2025-05-01 18:22:54,ÁSIA,7200,7249,49
2025-05-01 18:23:01,EUROPA,6400,6330,-70
2025-05-01 18:23:07,EUROPA,6400,6211,-189
2025-05-01 18:23:15,MÉXICO,4100,3896,-204
2025-05-01 18:23:22,CARIBE,4200,4266,66
2025-05-01 18:23:30,ÁSIA,7200,7050,-150
2025-05-01 18:23:39,CARIBE,4200,4476,276
2025-05-01 18:23:46,EUROPA,6400,6193,-207
2025-05-01 18:23:55,BRASIL,3700,3485,-215
2025-05-01 18:24:03,MÉXICO,4100,4320,220
2025-05-01 18:24:09,Rio de Janeiro,3500,3253,-247
2025-05-01 18:24:17,Rio de Janeiro,3500,3761,261
2025-05-01 18:24:25,BRASIL,3700,3708,8
2025-05-01 18:24:34,MÉXICO,4100,3862,-238
2025-05-01 18:24:43,MÉXICO,4100,3967,-133
2025-05-01 18:24:53,MÉXICO,4100,3997,-103
2025-05-01 18:25:01,EUROPA,6400,6598,198
2025-05-01 18:25:09,Rio de Janeiro,3500,3462,-38
2025-05-01 18:25:17,ÁSIA,7200,7369,169
2025-05-01 18:25:24,MÉXICO,4100,4336,236
2025-05-01 18:25:30,EUROPA,6400,6471,71
2025-05-01 18:25:35,ÁSIA,7200,6968,-232
2025-05-01 18:25:42,EUROPA,6400,6462,62
2025-05-01 18:25:52,MÉXICO,4100,3969,-131
2025-05-01 18:26:00,Rio de Janeiro,3500,3232,-268
2025-05-01 18:26:07,EUROPA,6400,6528,128
2025-05-01 18:26:17,CARIBE,4200,4288,88
2025-05-01 18:26:27,ÁSIA,7200,7168,-32
2025-05-01 18:26:33,BRASIL,3700,3581,-119
2025-05-01 18:26:42,Rio de Janeiro,3500,3544,44
2025-05-01 18:26:48,EUROPA,6400,6683,283
2025-05-01 18:26:55,MÉXICO,4100,4382,282
2025-05-01 18:27:02,CARIBE,4200,4203,3
2025-05-01 18:27:14,ÁSIA,7200,6910,-290
2025-05-01 18:27:23,MÉXICO,4100,4062,-38
2025-05-01 18:27:28,ÁSIA,7200,6943,-257
2025-05-01 18:27:33,Rio de Janeiro,3500,3369,-131
2025-05-01 18:27:40,CARIBE,4200,4108,-92
2025-05-01 18:27:48,ÁSIA,7200,7274,74
2025-05-01 18:27:56,Rio de Janeiro,3500,3794,294
2025-05-01 18:28:02,ÁSIA,7200,7393,193
2025-05-01 18:28:09,Rio de Janeiro,3500,3603,103
2025-05-01 18:28:16,CARIBE,4200,4398,198
2025-05-01 18:28:25,BRASIL,3700,3575,-125
2025-05-01 18:28:35,Rio de Janeiro,3500,3360,-140
2025-05-01 18:28:41,EUROPA,6400,6224,-176
2025-05-01 18:28:51,EUROPA,6400,6535,135
2025-05-01 18:28:57,Rio de Janeiro,3500,3594,94
2025-05-01 18:29:03,BRASIL,3700,3711,11
2025-05-01 18:29:09,BRASIL,3700,3720,20
2025-05-01 18:29:19,ÁSIA,7200,7477,277
2025-05-01 18:29:28,EUROPA,6400,6159,-241
2025-05-01 18:29:38,ÁSIA,7200,7077,-123
2025-05-01 18:29:46,MÉXICO,4100,3953,-147
2025-05-01 18:29:53,MÉXICO,4100,4121,21
2025-05-01 18:30:02,MÉXICO,4100,3938,-162
2025-05-01 18:30:09,EUROPA,6400,6350,-50
2025-05-01 18:30:17,BRASIL,3700,3927,227
2025-05-01 18:30:27,Rio de Janeiro,3500,3600,100
2025-05-01 18:30:32,BRASIL,3700,3959,259
2025-05-01 18:30:42,MÉXICO,4100,4126,26
2025-05-01 18:30:50,Rio de Janeiro,3500,3728,228
2025-05-01 18:30:57,Rio de Janeiro,3500,3667,167
2025-05-01 18:31:03,MÉXICO,4100,3967,-133
2025-05-01 18:31:12,ÁSIA,7200,7277,77
2025-05-01 18:31:18,Rio de Janeiro,3500,3759,259
2025-05-01 18:31:28,BRASIL,3700,3715,15
2025-05-01 18:31:33,BRASIL,3700,3616,-84
2025-05-01 18:31:38,MÉXICO,4100,3848,-252
2025-05-01 18:31:46,ÁSIA,7200,7437,237
2025-05-01 18:31:52,Rio de Janeiro,3500,3531,31
2025-05-01 18:32:01,EUROPA,6400,6354,-46
2025-05-01 18:32:10,CARIBE,4200,4176,-24
2025-05-01 18:32:19,ÁSIA,7200,7416,216
2025-05-01 18:32:27,Rio de Janeiro,3500,3688,188
2025-05-01 18:32:32,MÉXICO,4100,4266,166
2025-05-01 18:32:38,EUROPA,6400,6503,103
2025-05-01 18:32:48,Rio de Janeiro,3500,3262,-238
2025-05-01 18:32:55,Rio de Janeiro,3500,3261,-239
2025-05-01 18:33:04,EUROPA,6400,6251,-149
2025-05-01 18:33:13,MÉXICO,4100,4110,10
2025-05-01 18:33:18,EUROPA,6400,6695,295
2025-05-01 18:33:23,EUROPA,6400,6277,-123
2025-05-01 18:33:29,EUROPA,6400,6170,-230
2025-05-01 18:33:34,Rio de Janeiro,3500,3488,-12
2025-05-01 18:33:44,Rio de Janeiro,3500,3507,7
2025-05-01 18:33:53,EUROPA,6400,6148,-252
2025-05-01 18:33:59,Rio de Janeiro,3500,3665,165
2025-05-01 18:34:04,CARIBE,4200,4168,-32
2025-05-01 18:34:11,MÉXICO,4100,3897,-203
2025-05-01 18:34:21,CARIBE,4200,4232,32
2025-05-01 18:34:29,EUROPA,6400,6490,90
2025-05-01 18:34:39,Rio de Janeiro,3500,3739,239
2025-05-01 18:34:45,EUROPA,6400,6243,-157
2025-05-01 18:34:51,BRASIL,3700,3869,169
2025-05-01 18:34:57,ÁSIA,7200,7204,4
2025-05-01 18:35:02,MÉXICO,4100,4179,79
2025-05-01 18:35:11,ÁSIA,7200,7434,234
2025-05-01 18:35:19,EUROPA,6400,6224,-176
2025-05-01 18:35:25,Rio de Janeiro,3500,3711,211
2025-05-01 18:35:31,Rio de Janeiro,3500,3575,75
2025-05-01 18:35:38,EUROPA,6400,6339,-61
2025-05-01 18:36:26,EUROPA,6400,6606,206
2025-05-01 18:36:34,Rio de Janeiro,3500,3213,-287
2025-05-01 18:36:42,Rio de Janeiro,3500,3601,101
2025-05-01 18:36:50,BRASIL,3700,3617,-83
2025-05-01 18:36:59,ÁSIA,7200,7367,167
2025-05-01 18:37:07,BRASIL,3700,3450,-250
2025-05-01 18:37:12,ÁSIA,7200,7211,11
2025-05-01 18:37:20,EUROPA,6400,6615,215
2025-05-01 18:37:28,BRASIL,3700,3401,-299
2025-05-01 18:37:36,EUROPA,6400,6275,-125
2025-05-01 18:37:45,MÉXICO,4100,3995,-105
2025-05-01 18:37:52,ÁSIA,7200,7209,9
2025-05-01 18:37:57,MÉXICO,4100,4126,26
2025-05-01 18:38:06,Rio de Janeiro,3500,3716,216
2025-05-01 18:38:15,MÉXICO,4100,4005,-95
2025-05-01 18:38:25,BRASIL,3700,3746,46
2025-05-01 18:38:33,CARIBE,4200,4324,124
2025-05-01 18:38:42,MÉXICO,4100,3876,-224
2025-05-01 18:38:48,MÉXICO,4100,4374,274
2025-05-01 18:38:58,EUROPA,6400,6553,153
2025-05-01 18:39:03,BRASIL,3700,3795,95
2025-05-01 18:39:13,MÉXICO,4100,3905,-195
2025-05-01 18:39:19,Rio de Janeiro,3500,3562,62
2025-05-01 18:39:26,BRASIL,3700,3753,53
2025-05-01 18:39:35,CARIBE,4200,4360,160
2025-05-01 18:39:44,ÁSIA,7200,7383,183
2025-05-01 18:39:49,EUROPA,6400,6234,-166
2025-05-01 18:39:54,EUROPA,6400,6491,91
2025-05-01 18:40:04,ÁSIA,7200,7006,-194
2025-05-01 18:40:14,Rio de Janeiro,3500,3385,-115
2025-05-01 18:40:22,ÁSIA,7200,7449,249
2025-05-01 18:40:29,ÁSIA,7200,6980,-220
2025-05-01 18:40:39,MÉXICO,4100,4216,116
2025-05-01 18:40:48,BRASIL,3700,3749,49
2025-05-01 18:40:55,ÁSIA,7200,7222,22
2025-05-01 18:41:03,EUROPA,6400,6424,24
2025-05-01 18:41:10,Rio de Janeiro,3500,3252,-248
2025-05-01 18:41:20,CARIBE,4200,4158,-42
2025-05-01 18:41:26,MÉXICO,4100,3843,-257
2025-05-01 18:41:32,CARIBE,4200,4395,195
2025-05-01 18:41:41,EUROPA,6400,6369,-31
2025-05-01 18:41:50,CARIBE,4200,4500,300
2025-05-01 18:42:00,EUROPA,6400,6108,-292
2025-05-01 18:42:07,EUROPA,6400,6181,-219
2025-05-01 18:42:14,MÉXICO,4100,4400,300
2025-05-01 18:42:19,CARIBE,4200,4383,183
2025-05-01 18:42:25,BRASIL,3700,3515,-185
2025-05-01 18:42:34,BRASIL,3700,3974,274
2025-05-01 18:42:43,CARIBE,4200,4218,18
2025-05-01 18:42:50,Rio de Janeiro,3500,3503,3
2025-05-01 18:42:55,Rio de Janeiro,3500,3387,-113
2025-05-01 18:43:01,Rio de Janeiro,3500,3393,-107
2025-05-01 18:43:08,Rio de Janeiro,3500,3591,91
2025-05-01 18:43:16,CARIBE,4200,4305,105
2025-05-01 18:43:26,Rio de Janeiro,3500,3503,3
2025-05-01 18:43:32,EUROPA,6400,6289,-111
2025-05-01 18:43:40,EUROPA,6400,6326,-74
2025-05-01 18:43:46,MÉXICO,4100,4262,162
2025-05-01 18:43:52,ÁSIA,7200,7139,-61
2025-05-01 18:44:02,CARIBE,4200,4496,296
2025-05-01 18:44:10,ÁSIA,7200,7043,-157
2025-05-01 18:44:15,ÁSIA,7200,7114,-86
2025-05-01 18:44:24,Rio de Janeiro,3500,3285,-215
2025-05-01 18:44:34,BRASIL,3700,3853,153
2025-05-01 18:44:41,ÁSIA,7200,7068,-132
2025-05-01 18:44:46,CARIBE,4200,4362,162
2025-05-01 18:44:55,Rio de Janeiro,3500,3329,-171
2025-05-01 18:45:02,BRASIL,3700,3925,225
2025-05-01 18:45:09,CARIBE,4200,4019,-181
2025-05-01 18:45:14,Rio de Janeiro,3500,3346,-154
2025-05-01 18:45:24,BRASIL,3700,3785,85
2025-05-01 18:45:29,CARIBE,4200,4053,-147
2025-05-01 18:45:38,Rio de Janeiro,3500,3732,232
2025-05-01 18:45:44,ÁSIA,7200,7496,296
2025-05-01 18:45:50,ÁSIA,7200,7283,83
2025-05-01 18:45:58,EUROPA,6400,6514,114
2025-05-01 18:46:06,ÁSIA,7200,6942,-258
2025-05-01 18:47:01,ÁSIA,7200,7224,24
2025-05-01 18:47:10,BRASIL,3700,3876,176
2025-05-01 18:47:20,ÁSIA,7200,7111,-89
2025-05-01 18:47:29,Rio de Janeiro,3500,3712,212
2025-05-01 18:47:37,MÉXICO,4100,3916,-184
2025-05-01 18:47:44,EUROPA,6400,6481,81
2025-05-01 18:47:52,MÉXICO,4100,3917,-183
2025-05-01 18:47:59,CARIBE,4200,3920,-280
2025-05-01 18:48:06,CARIBE,4200,4466,266
2025-05-01 18:48:15,MÉXICO,4100,4262,162
2025-05-01 18:48:22,CARIBE,4200,4096,-104
2025-05-01 18:48:30,ÁSIA,7200,6987,-213
2025-05-01 18:48:36,BRASIL,3700,3863,163
2025-05-01 18:48:43,CARIBE,4200,4158,-42
2025-05-01 18:48:49,EUROPA,6400,6133,-267
2025-05-01 18:48:59,MÉXICO,4100,4170,70
2025-05-01 18:49:04,MÉXICO,4100,3970,-130
2025-05-01 18:49:09,CARIBE,4200,3964,-236
2025-05-01 18:49:18,BRASIL,3700,3831,131
2025-05-01 18:49:26,BRASIL,3700,3869,169
2025-05-01 18:49:34,ÁSIA,7200,7145,-55
2025-05-01 18:49:40,CARIBE,4200,3952,-248
2025-05-01 18:49:50,EUROPA,6400,6320,-80
2025-05-01 18:50:00,CARIBE,4200,4008,-192
2025-05-01 18:50:09,MÉXICO,4100,3823,-277
2025-05-01 18:50:19,EUROPA,6400,6161,-239
2025-05-01 18:50:26,Rio de Janeiro,3500,3377,-123
2025-05-01 18:50:34,EUROPA,6400,6256,-144
2025-05-01 18:50:40,Rio de Janeiro,3500,3571,71
2025-05-01 18:50:49,BRASIL,3700,3448,-252
2025-05-01 18:50:55,EUROPA,6400,6597,197
2025-05-01 18:51:06,Rio de Janeiro,3500,3745,245
2025-05-01 18:51:13,EUROPA,6400,6556,156
2025-05-01 18:51:19,EUROPA,6400,6603,203
2025-05-01 18:51:24,CARIBE,4200,4014,-186
2025-05-01 18:51:33,EUROPA,6400,6461,61
2025-05-01 18:51:41,EUROPA,6400,6531,131
2025-05-01 18:51:46,EUROPA,6400,6231,-169
2025-05-01 18:51:51,Rio de Janeiro,3500,3601,101
2025-05-01 18:52:01,ÁSIA,7200,6956,-244
2025-05-01 18:52:09,MÉXICO,4100,4209,109
2025-05-01 18:52:19,BRASIL,3700,3841,141
2025-05-01 18:52:24,ÁSIA,7200,7322,122
2025-05-01 18:52:33,EUROPA,6400,6187,-213
2025-05-01 18:52:42,BRASIL,3700,3421,-279
2025-05-01 18:52:49,CARIBE,4200,4137,-63
2025-05-01 18:52:56,Rio de Janeiro,3500,3591,91
2025-05-01 18:53:03,ÁSIA,7200,7500,300
2025-05-01 18:53:13,Rio de Janeiro,3500,3559,59
2025-05-01 18:53:22,EUROPA,6400,6527,127
2025-05-01 18:53:31,MÉXICO,4100,3943,-157
2025-05-01 18:53:38,BRASIL,3700,3825,125
2025-05-01 18:53:43,EUROPA,6400,6340,-60
2025-05-01 18:53:48,EUROPA,6400,6417,17
2025-05-01 18:53:56,ÁSIA,7200,7010,-190
2025-05-01 18:54:05,EUROPA,6400,6141,-259
2025-05-01 18:54:15,EUROPA,6400,6265,-135
2025-05-01 18:54:23,EUROPA,6400,6105,-295
2025-05-01 18:54:29,EUROPA,6400,6557,157
2025-05-01 18:54:38,CARIBE,4200,4460,260
2025-05-01 18:54:48,EUROPA,6400,6220,-180
2025-05-01 18:54:53,MÉXICO,4100,4381,281
2025-05-01 18:55:01,EUROPA,6400,6255,-145
2025-05-01 18:55:07,BRASIL,3700,3811,111
2025-05-01 18:55:12,MÉXICO,4100,3937,-163
2025-05-01 18:55:22,ÁSIA,7200,7363,163
2025-05-01 18:55:32,ÁSIA,7200,7286,86
2025-05-01 18:55:41,MÉXICO,4100,4097,-3
2025-05-01 18:55:46,CARIBE,4200,3994,-206
2025-05-01 18:55:56,ÁSIA,7200,7205,5
2025-05-01 18:56:04,ÁSIA,7200,7483,283
2025-05-01 18:56:14,EUROPA,6400,6475,75
2025-05-01 18:56:19,Rio de Janeiro,3500,3390,-110
2025-05-01 18:56:25,MÉXICO,4100,4316,216
2025-05-01 18:56:35,MÉXICO,4100,4271,171
2025-05-01 18:56:44,MÉXICO,4100,4080,-20
2025-05-01 18:56:53,Rio de Janeiro,3500,3765,265
2025-05-01 18:56:59,CARIBE,4200,4211,11
2025-05-01 18:57:05,Rio de Janeiro,3500,3490,-10
2025-05-01 18:57:15,ÁSIA,7200,6911,-289
2025-05-01 18:57:22,MÉXICO,4100,3900,-200
2025-05-01 18:57:27,Rio de Janeiro,3500,3325,-175
2025-05-01 18:57:34,Rio de Janeiro,3500,3209,-291
2025-05-01 18:57:42,MÉXICO,4100,4198,98
2025-05-01 18:57:51,BRASIL,3700,3897,197
2025-05-01 18:58:00,BRASIL,3700,3754,54
2025-05-01 18:58:06,MÉXICO,4100,4344,244
2025-05-01 18:58:11,ÁSIA,7200,6932,-268
2025-05-01 18:58:20,ÁSIA,7200,7148,-52
2025-05-01 18:58:26,CARIBE,4200,4067,-133
2025-05-01 18:58:35,EUROPA,6400,6392,-8
2025-05-01 18:58:40,ÁSIA,7200,7443,243
2025-05-01 18:58:49,BRASIL,3700,3630,-70
2025-05-01 18:58:54,CARIBE,4200,4213,13
2025-05-01 18:59:04,Rio de Janeiro,3500,3489,-11
2025-05-01 18:59:11,Rio de Janeiro,3500,3313,-187
2025-05-01 18:59:19,ÁSIA,7200,7390,190
2025-05-01 18:59:24,MÉXICO,4100,4001,-99
2025-05-01 18:59:33,ÁSIA,7200,6996,-204
2025-05-01 18:59:40,ÁSIA,7200,7153,-47
2025-05-01 18:59:45,EUROPA,6400,6108,-292
2025-05-01 18:59:53,CARIBE,4200,4468,268
2025-05-01 19:00:03,Rio de Janeiro,3500,3241,-259
2025-05-01 19:00:10,CARIBE,4200,4339,139
2025-05-01 19:00:16,EUROPA,6400,6216,-184
2025-05-01 19:00:21,MÉXICO,4100,4242,142
2025-05-01 19:00:30,BRASIL,3700,3619,-81
2025-05-01 19:00:37,CARIBE,4200,3904,-296
2025-05-01 19:00:42,EUROPA,6400,6658,258
2025-05-01 19:00:51,BRASIL,3700,3470,-230
2025-05-01 19:00:57,ÁSIA,7200,7220,20
2025-05-01 19:01:07,Rio de Janeiro,3500,3380,-120
2025-05-01 19:01:13,ÁSIA,7200,7182,-18
2025-05-01 19:01:19,MÉXICO,4100,4000,-100
2025-05-01 19:01:29,EUROPA,6400,6534,134
2025-05-01 19:01:35,Rio de Janeiro,3500,3417,-83
2025-05-01 19:01:43,CARIBE,4200,4022,-178
2025-05-01 19:01:52,BRASIL,3700,3419,-281
2025-05-01 19:01:57,Rio de Janeiro,3500,3596,96
2025-05-01 19:02:07,CARIBE,4200,4317,117
2025-05-01 19:02:14,CARIBE,4200,4133,-67
2025-05-01 19:02:20,CARIBE,4200,3916,-284
2025-05-01 19:02:27,MÉXICO,4100,4180,80
2025-05-01 19:02:36,MÉXICO,4100,3881,-219
2025-05-01 19:02:41,BRASIL,3700,3483,-217
2025-05-01 19:02:51,BRASIL,3700,3849,149
2025-05-01 19:03:00,EUROPA,6400,6621,221
2025-05-01 19:03:06,EUROPA,6400,6199,-201
2025-05-01 19:03:14,BRASIL,3700,3726,26
2025-05-01 19:03:19,CARIBE,4200,4500,300
2025-05-01 19:03:25,MÉXICO,4100,4151,51
2025-05-01 19:03:34,EUROPA,6400,6507,107
2025-05-01 19:03:40,MÉXICO,4100,3987,-113
2025-05-01 19:03:49,MÉXICO,4100,4230,130
2025-05-01 19:03:56,EUROPA,6400,6675,275
2025-05-01 19:04:02,MÉXICO,4100,4087,-13
2025-05-01 19:04:07,Rio de Janeiro,3500,3375,-125
2025-05-01 19:04:17,EUROPA,6400,6108,-292
2025-05-01 19:04:27,EUROPA,6400,6218,-182
2025-05-01 19:04:33,EUROPA,6400,6519,119
2025-05-01 19:04:38,BRASIL,3700,3750,50
2025-05-01 19:04:48,MÉXICO,4100,3809,-291
2025-05-01 19:04:53,BRASIL,3700,3974,274
2025-05-01 19:04:59,ÁSIA,7200,7124,-76
2025-05-01 19:05:06,BRASIL,3700,3798,98
2025-05-01 19:05:14,Rio de Janeiro,3500,3374,-126
2025-05-01 19:05:21,BRASIL,3700,3584,-116
2025-05-01 19:05:28,CARIBE,4200,3968,-232
2025-05-01 19:05:35,CARIBE,4200,4476,276
2025-05-01 19:05:42,BRASIL,3700,3808,108
2025-05-01 19:05:47,ÁSIA,7200,7304,104
2025-05-01 19:05:55,CARIBE,4200,4043,-157
2025-05-01 19:06:00,ÁSIA,7200,7381,181
2025-05-01 19:06:08,CARIBE,4200,4388,188
2025-05-01 19:06:13,ÁSIA,7200,7486,286
2025-05-01 19:06:22,MÉXICO,4100,4314,214
2025-05-01 19:06:31,Rio de Janeiro,3500,3706,206
2025-05-01 19:06:39,MÉXICO,4100,4290,190
2025-05-01 19:06:48,Rio de Janeiro,3500,3519,19
2025-05-01 19:06:53,BRASIL,3700,3729,29
2025-05-01 19:07:00,CARIBE,4200,4231,31
2025-05-01 19:07:10,CARIBE,4200,4119,-81
2025-05-01 19:07:18,EUROPA,6400,6578,178
2025-05-01 19:07:25,CARIBE,4200,4478,278
2025-05-01 19:07:32,CARIBE,4200,4197,-3
2025-05-01 19:07:39,EUROPA,6400,6503,103
2025-05-01 19:07:45,EUROPA,6400,6512,112
2025-05-01 19:07:51,ÁSIA,7200,7472,272
2025-05-01 19:07:59,Rio de Janeiro,3500,3543,43
2025-05-01 19:08:04,BRASIL,3700,3519,-181
2025-05-01 19:08:10,Rio de Janeiro,3500,3594,94
2025-05-01 19:08:20,EUROPA,6400,6438,38
2025-05-01 19:08:27,CARIBE,4200,3927,-273
2025-05-01 19:08:36,CARIBE,4200,4459,259
2025-05-01 19:08:42,Rio de Janeiro,3500,3565,65
2025-05-01 19:08:50,MÉXICO,4100,3918,-182
2025-05-01 19:09:00,EUROPA,6400,6634,234
2025-05-01 19:09:05,MÉXICO,4100,3959,-141
2025-05-01 19:09:13,Rio de Janeiro,3500,3334,-166
2025-05-01 19:09:23,MÉXICO,4100,3871,-229
2025-05-01 19:09:32,EUROPA,6400,6277,-123
2025-05-01 19:09:40,EUROPA,6400,6124,-276
2025-05-01 19:09:48,ÁSIA,7200,7325,125
2025-05-01 19:09:56,CARIBE,4200,3913,-287
2025-05-01 19:10:02,EUROPA,6400,6412,12
2025-05-01 19:10:07,Rio de Janeiro,3500,3602,102
2025-05-01 19:10:17,CARIBE,4200,4427,227
2025-05-01 19:10:22,CARIBE,4200,3909,-291
2025-05-01 19:10:28,EUROPA,6400,6491,91
2025-05-01 19:10:33,EUROPA,6400,6314,-86
2025-05-01 19:10:38,ÁSIA,7200,6941,-259
2025-05-01 19:10:47,Rio de Janeiro,3500,3320,-180
2025-05-01 19:10:57,BRASIL,3700,3742,42
2025-05-01 19:11:07,EUROPA,6400,6623,223
2025-05-01 19:11:16,ÁSIA,7200,7460,260
2025-05-01 19:11:26,BRASIL,3700,3568,-132
2025-05-01 19:11:33,Rio de Janeiro,3500,3507,7
2025-05-01 19:11:43,MÉXICO,4100,3810,-290
2025-05-01 19:11:52,CARIBE,4200,4475,275
2025-05-01 19:11:59,ÁSIA,7200,7475,275
2025-05-01 19:12:09,EUROPA,6400,6150,-250
2025-05-01 19:12:18,MÉXICO,4100,3934,-166
2025-05-01 19:12:24,BRASIL,3700,3661,-39
2025-05-01 19:12:32,EUROPA,6400,6445,45
2025-05-01 19:12:39,EUROPA,6400,6615,215
2025-05-01 19:12:45,BRASIL,3700,3936,236
2025-05-01 19:12:54,EUROPA,6400,6446,46
2025-05-01 19:13:04,EUROPA,6400,6170,-230
2025-05-01 19:13:11,BRASIL,3700,3651,-49
2025-05-01 19:13:18,Rio de Janeiro,3500,3575,75
2025-05-01 19:13:28,BRASIL,3700,3983,283
2025-05-01 19:13:33,CARIBE,4200,4332,132
2025-05-01 19:13:42,BRASIL,3700,3427,-273
2025-05-01 19:13:51,CARIBE,4200,4461,261
2025-05-01 19:13:57,ÁSIA,7200,7378,178
2025-05-01 19:14:04,Rio de Janeiro,3500,3279,-221
2025-05-01 19:14:13,Rio de Janeiro,3500,3436,-64
2025-05-01 19:14:18,EUROPA,6400,6493,93
2025-05-01 19:14:25,EUROPA,6400,6451,51
2025-05-01 19:14:32,CARIBE,4200,4196,-4
2025-05-01 19:14:40,Rio de Janeiro,3500,3676,176
2025-05-01 19:14:49,ÁSIA,7200,7449,249
2025-05-01 19:14:55,ÁSIA,7200,7452,252
2025-05-01 19:15:03,EUROPA,6400,6557,157
2025-05-01 19:15:08,Rio de Janeiro,3500,3524,24
2025-05-01 19:15:17,EUROPA,6400,6522,122
2025-05-01 19:15:25,MÉXICO,4100,4114,14
2025-05-01 19:15:34,Rio de Janeiro,3500,3667,167
2025-05-01 19:15:40,ÁSIA,7200,7170,-30
2025-05-01 19:15:45,EUROPA,6400,6670,270
2025-05-01 19:15:50,CARIBE,4200,4327,127
2025-05-01 19:15:59,BRASIL,3700,3792,92
2025-05-01 19:16:07,MÉXICO,4100,4332,232
2025-05-01 19:16:16,CARIBE,4200,4004,-196
2025-05-01 19:16:24,Rio de Janeiro,3500,3776,276
2025-05-01 19:16:34,MÉXICO,4100,3964,-136
2025-05-01 19:16:44,CARIBE,4200,4242,42
2025-05-01 19:16:52,EUROPA,6400,6357,-43
2025-05-01 19:17:02,CARIBE,4200,4475,275
2025-05-01 19:17:11,ÁSIA,7200,7381,181
2025-05-01 19:17:18,EUROPA,6400,6657,257
2025-05-01 19:17:24,MÉXICO,4100,4287,187
2025-05-01 19:17:34,Rio de Janeiro,3500,3609,109
2025-05-01 19:17:42,CARIBE,4200,4040,-160
2025-05-01 19:17:48,CARIBE,4200,3979,-221
2025-05-01 19:17:54,BRASIL,3700,3742,42
2025-05-01 19:18:02,Rio de Janeiro,3500,3523,23
2025-05-01 19:18:11,ÁSIA,7200,7111,-89
2025-05-01 19:18:21,EUROPA,6400,6383,-17
2025-05-01 19:18:27,EUROPA,6400,6301,-99
2025-05-01 19:18:32,MÉXICO,4100,3853,-247
2025-05-01 19:18:39,MÉXICO,4100,3849,-251
2025-05-01 19:18:47,MÉXICO,4100,4336,236
2025-05-01 19:18:53,EUROPA,6400,6626,226
2025-05-01 19:19:02,Rio de Janeiro,3500,3246,-254
2025-05-01 19:19:11,BRASIL,3700,3758,58
2025-05-01 19:19:21,Rio de Janeiro,3500,3401,-99
2025-05-01 19:19:30,MÉXICO,4100,3889,-211
2025-05-01 19:19:35,ÁSIA,7200,6931,-269
2025-05-01 19:19:41,Rio de Janeiro,3500,3541,41
2025-05-01 19:19:49,ÁSIA,7200,7413,213
2025-05-01 19:19:57,CARIBE,4200,4045,-155
2025-05-01 19:20:03,Rio de Janeiro,3500,3304,-196
2025-05-01 19:20:08,Rio de Janeiro,3500,3747,247
2025-05-01 19:20:14,MÉXICO,4100,4286,186
2025-05-01 19:20:21,ÁSIA,7200,7025,-175
2025-05-01 19:20:27,ÁSIA,7200,7350,150
2025-05-01 19:20:34,EUROPA,6400,6432,32
2025-05-01 19:20:41,EUROPA,6400,6653,253
2025-05-01 19:20:48,EUROPA,6400,6215,-185
2025-05-01 19:20:57,Rio de Janeiro,3500,3671,171
2025-05-01 19:21:03,EUROPA,6400,6533,133
2025-05-01 19:21:12,Rio de Janeiro,3500,3465,-35
2025-05-01 19:21:22,BRASIL,3700,3935,235
2025-05-01 21:44:36,BRASIL,3700,3518,-182
2025-05-01 21:44:46,BRASIL,3700,3440,-260
2025-05-01 21:44:52,EUROPA,6400,6608,208
2025-05-01 21:44:59,EUROPA,6400,6135,-265
2025-05-01 21:45:06,BRASIL,3700,3953,253
2025-05-01 21:45:13,EUROPA,6400,6204,-196
2025-05-01 21:45:21,CARIBE,4200,4266,66
2025-05-01 21:45:28,EUROPA,6400,6604,204
2025-05-01 21:45:38,CARIBE,4200,3941,-259
2025-05-01 21:45:48,BRASIL,3700,3514,-186
2025-05-01 21:45:57,CARIBE,4200,4044,-156
2025-05-01 21:46:07,MÉXICO,4100,4345,245
2025-05-01 21:46:17,BRASIL,3700,3820,120
2025-05-01 21:46:24,MÉXICO,4100,3921,-179
2025-05-01 21:46:31,MÉXICO,4100,4172,72
2025-05-01 21:46:41,Rio de Janeiro,3500,3466,-34
2025-05-01 21:46:46,BRASIL,3700,3945,245
2025-05-01 21:46:51,BRASIL,3700,3538,-162
2025-05-01 21:46:58,MÉXICO,4100,3926,-174
2025-05-01 21:47:07,Rio de Janeiro,3500,3696,196
2025-05-01 21:47:12,Rio de Janeiro,3500,3257,-243
2025-05-01 21:47:17,MÉXICO,4100,4395,295
2025-05-01 21:47:23,ÁSIA,7200,7146,-54
2025-05-01 21:47:33,EUROPA,6400,6454,54
2025-05-01 21:47:40,MÉXICO,4100,3991,-109
2025-05-01 21:47:50,EUROPA,6400,6452,52
2025-05-01 21:47:57,BRASIL,3700,3861,161
2025-05-01 21:48:04,BRASIL,3700,3442,-258
2025-05-01 21:48:14,CARIBE,4200,4216,16
2025-05-01 21:48:20,EUROPA,6400,6137,-263
2025-05-01 21:48:29,Rio de Janeiro,3500,3382,-118
2025-05-01 21:48:39,Rio de Janeiro,3500,3660,160
2025-05-01 21:48:48,ÁSIA,7200,7281,81
2025-05-01 21:48:57,Rio de Janeiro,3500,3399,-101
2025-05-01 21:49:03,CARIBE,4200,4023,-177
2025-05-01 21:49:10,BRASIL,3700,3432,-268
2025-05-01 21:49:18,ÁSIA,7200,6900,-300
2025-05-01 21:49:23,EUROPA,6400,6305,-95
2025-05-01 21:49:29,MÉXICO,4100,3825,-275
2025-05-01 21:49:34,EUROPA,6400,6516,116
2025-05-01 21:49:40,BRASIL,3700,3438,-262
2025-05-01 21:49:50,MÉXICO,4100,4304,204
2025-05-01 21:49:56,ÁSIA,7200,6913,-287
2025-05-01 21:50:04,Rio de Janeiro,3500,3736,236
2025-05-01 21:50:10,MÉXICO,4100,3918,-182
2025-05-01 21:50:20,ÁSIA,7200,7449,249
2025-05-01 21:50:29,CARIBE,4200,4171,-29
2025-05-01 21:50:37,ÁSIA,7200,7364,164
2025-05-01 21:50:44,ÁSIA,7200,7300,100
2025-05-01 21:50:49,EUROPA,6400,6614,214
2025-05-01 21:50:54,CARIBE,4200,4268,68
2025-05-01 21:51:01,ÁSIA,7200,7297,97
2025-05-01 21:51:09,MÉXICO,4100,4264,164
2025-05-01 21:51:22,ÁSIA,7200,7343,143
2025-05-01 21:51:27,EUROPA,6400,6187,-213
2025-05-01 21:51:36,BRASIL,3700,3793,93
2025-05-01 21:51:46,ÁSIA,7200,7464,264
2025-05-01 21:51:53,MÉXICO,4100,4158,58
2025-05-01 21:52:01,Rio de Janeiro,3500,3335,-165
2025-05-01 21:52:11,MÉXICO,4100,4075,-25
2025-05-01 21:52:20,MÉXICO,4100,3983,-117
2025-05-01 21:52:29,BRASIL,3700,3766,66
2025-05-01 21:52:34,EUROPA,6400,6593,193
2025-05-01 21:52:42,BRASIL,3700,3499,-201
2025-05-01 21:52:51,ÁSIA,7200,7256,56
2025-05-01 21:52:57,ÁSIA,7200,7186,-14
2025-05-01 21:53:05,ÁSIA,7200,7136,-64
2025-05-01 21:53:10,MÉXICO,4100,4083,-17
2025-05-01 21:53:18,CARIBE,4200,4400,200
2025-05-01 21:53:25,CARIBE,4200,4442,242
2025-05-01 21:53:30,Rio de Janeiro,3500,3538,38
2025-05-01 21:53:36,ÁSIA,7200,7279,79
2025-05-01 21:53:44,BRASIL,3700,3590,-110
2025-05-01 21:53:50,EUROPA,6400,6623,223
2025-05-01 21:53:58,BRASIL,3700,3585,-115
2025-05-01 21:54:04,ÁSIA,7200,7293,93
2025-05-01 21:54:11,MÉXICO,4100,4319,219
2025-05-01 21:54:17,ÁSIA,7200,7207,7
2025-05-01 21:54:23,CARIBE,4200,3989,-211
2025-05-01 21:54:28,CARIBE,4200,3937,-263
2025-05-01 21:54:37,CARIBE,4200,4221,21
2025-05-01 21:54:43,ÁSIA,7200,7116,-84
2025-05-01 21:54:49,MÉXICO,4100,4250,150
2025-05-01 21:54:57,ÁSIA,7200,6971,-229
2025-05-01 21:55:05,BRASIL,3700,3627,-73
2025-05-01 21:55:10,CARIBE,4200,4170,-30
2025-05-01 21:55:18,CARIBE,4200,4285,85
2025-05-01 21:55:25,ÁSIA,7200,7447,247
2025-05-01 21:55:34,CARIBE,4200,4343,143
2025-05-01 21:55:39,MÉXICO,4100,4116,16
2025-05-01 21:55:49,CARIBE,4200,4204,4
2025-05-01 21:55:58,BRASIL,3700,3965,265
2025-05-01 21:56:03,Rio de Janeiro,3500,3536,36
2025-05-01 21:56:08,BRASIL,3700,3487,-213
2025-05-01 21:56:18,EUROPA,6400,6485,85
2025-05-01 21:56:26,MÉXICO,4100,4280,180
2025-05-01 21:56:32,MÉXICO,4100,3991,-109
2025-05-01 21:56:39,CARIBE,4200,4288,88
2025-05-01 21:56:49,BRASIL,3700,3753,53
2025-05-01 21:56:56,MÉXICO,4100,4019,-81
2025-05-01 21:57:02,BRASIL,3700,3758,58
2025-05-01 21:57:09,ÁSIA,7200,7481,281
2025-05-01 21:57:18,Rio de Janeiro,3500,3473,-27
2025-05-01 21:57:28,ÁSIA,7200,7042,-158
2025-05-01 21:57:38,MÉXICO,4100,4341,241
2025-05-01 21:57:47,Rio de Janeiro,3500,3610,110
2025-05-01 21:57:55,CARIBE,4200,3945,-255
2025-05-01 21:58:02,CARIBE,4200,4032,-168
2025-05-01 21:58:12,CARIBE,4200,4302,102
2025-05-01 21:58:22,CARIBE,4200,4328,128
2025-05-01 21:58:29,CARIBE,4200,4254,54
2025-05-01 21:58:38,MÉXICO,4100,4396,296
2025-05-01 21:58:43,ÁSIA,7200,7051,-149
2025-05-01 21:58:48,EUROPA,6400,6625,225
2025-05-01 21:58:53,MÉXICO,4100,4358,258
2025-05-01 21:58:59,MÉXICO,4100,3997,-103
2025-05-01 21:59:08,CARIBE,4200,4093,-107
2025-05-01 21:59:18,MÉXICO,4100,4251,151
2025-05-01 21:59:25,Rio de Janeiro,3500,3318,-182
2025-05-01 21:59:33,Rio de Janeiro,3500,3538,38
2025-05-01 21:59:41,Rio de Janeiro,3500,3651,151
2025-05-01 21:59:48,BRASIL,3700,3599,-101
2025-05-01 21:59:55,ÁSIA,7200,7145,-55
2025-05-01 22:00:03,Rio de Janeiro,3500,3577,77
2025-05-01 22:00:10,MÉXICO,4100,4117,17
2025-05-01 22:00:17,MÉXICO,4100,4220,120
2025-05-01 22:00:25,MÉXICO,4100,3826,-274
2025-05-01 22:00:31,Rio de Janeiro,3500,3786,286
2025-05-01 22:00:37,ÁSIA,7200,7210,10
2025-05-01 22:00:46,ÁSIA,7200,7093,-107
2025-05-01 22:00:54,Rio de Janeiro,3500,3545,45
2025-05-01 22:01:04,MÉXICO,4100,4306,206
2025-05-01 22:01:14,BRASIL,3700,3535,-165
2025-05-01 22:01:19,Rio de Janeiro,3500,3221,-279
2025-05-01 22:01:28,Rio de Janeiro,3500,3438,-62
2025-05-01 22:01:38,MÉXICO,4100,4294,194
2025-05-01 22:01:47,MÉXICO,4100,3988,-112
2025-05-01 22:01:52,EUROPA,6400,6111,-289
2025-05-01 22:01:59,Rio de Janeiro,3500,3387,-113
2025-05-01 22:02:06,ÁSIA,7200,7122,-78
2025-05-01 22:02:14,BRASIL,3700,3493,-207
2025-05-01 22:02:23,ÁSIA,7200,7014,-186
2025-05-01 22:02:30,MÉXICO,4100,4395,295
2025-05-01 22:02:35,Rio de Janeiro,3500,3781,281
2025-05-01 22:02:44,EUROPA,6400,6503,103
2025-05-01 22:02:51,ÁSIA,7200,7250,50
2025-05-01 22:03:01,BRASIL,3700,3631,-69
2025-05-01 22:03:09,MÉXICO,4100,4267,167
2025-05-01 22:03:18,EUROPA,6400,6505,105
2025-05-01 22:03:27,MÉXICO,4100,3985,-115
2025-05-01 22:03:33,EUROPA,6400,6523,123
2025-05-01 22:03:42,CARIBE,4200,3976,-224
2025-05-01 22:03:49,ÁSIA,7200,6990,-210
2025-05-01 22:03:58,EUROPA,6400,6112,-288
2025-05-01 22:04:06,CARIBE,4200,3983,-217
2025-05-01 22:04:15,EUROPA,6400,6285,-115
2025-05-01 22:04:21,Rio de Janeiro,3500,3414,-86
2025-05-01 22:04:29,EUROPA,6400,6265,-135
2025-05-01 22:04:36,EUROPA,6400,6343,-57
2025-05-01 22:04:41,EUROPA,6400,6426,26
2025-05-01 22:04:51,Rio de Janeiro,3500,3377,-123
2025-05-01 22:04:58,MÉXICO,4100,3876,-224
2025-05-01 22:05:07,Rio de Janeiro,3500,3681,181
2025-05-01 22:05:14,MÉXICO,4100,4333,233
2025-05-01 22:05:23,MÉXICO,4100,4337,237
2025-05-01 22:05:28,EUROPA,6400,6577,177
2025-05-01 22:05:33,BRASIL,3700,3918,218
2025-05-01 22:05:40,Rio de Janeiro,3500,3438,-62
2025-05-01 22:05:48,MÉXICO,4100,4322,222
2025-05-01 22:05:53,CARIBE,4200,4156,-44
2025-05-01 22:06:03,CARIBE,4200,4135,-65
2025-05-01 22:06:09,ÁSIA,7200,6973,-227
2025-05-01 22:06:17,CARIBE,4200,4461,261
2025-05-01 22:06:23,Rio de Janeiro,3500,3707,207
2025-05-01 22:06:28,MÉXICO,4100,4400,300
2025-05-01 22:06:36,BRASIL,3700,3915,215
2025-05-01 22:06:46,BRASIL,3700,3441,-259
2025-05-01 22:06:55,ÁSIA,7200,7151,-49
2025-05-01 22:07:05,CARIBE,4200,3907,-293
2025-05-01 22:07:14,EUROPA,6400,6290,-110
2025-05-01 22:07:22,MÉXICO,4100,4143,43
2025-05-01 22:07:27,ÁSIA,7200,6961,-239
2025-05-01 22:07:33,ÁSIA,7200,7226,26
2025-05-01 22:07:38,Rio de Janeiro,3500,3725,225
2025-05-01 22:07:43,EUROPA,6400,6465,65
2025-05-01 22:07:52,ÁSIA,7200,7496,296
2025-05-01 22:08:02,BRASIL,3700,3588,-112
2025-05-01 22:08:10,EUROPA,6400,6403,3
2025-05-01 22:08:18,MÉXICO,4100,4311,211
2025-05-01 22:08:28,EUROPA,6400,6546,146
2025-05-01 22:08:36,MÉXICO,4100,4330,230
2025-05-01 22:08:41,ÁSIA,7200,7344,144
2025-05-01 22:08:48,EUROPA,6400,6433,33
2025-05-01 22:08:56,EUROPA,6400,6508,108
2025-05-01 22:09:05,Rio de Janeiro,3500,3233,-267
2025-05-01 22:09:15,BRASIL,3700,3676,-24
2025-05-01 22:09:24,MÉXICO,4100,4248,148
2025-05-01 22:09:32,BRASIL,3700,3914,214
2025-05-01 22:09:40,CARIBE,4200,4293,93
2025-05-01 22:09:47,BRASIL,3700,3901,201
2025-05-01 22:09:55,Rio de Janeiro,3500,3333,-167
2025-05-01 22:10:05,CARIBE,4200,4158,-42
2025-05-01 22:10:12,Rio de Janeiro,3500,3203,-297
2025-05-01 22:10:18,CARIBE,4200,4174,-26
2025-05-01 22:10:26,MÉXICO,4100,4295,195
2025-05-01 22:10:34,ÁSIA,7200,7457,257
2025-05-01 22:10:40,EUROPA,6400,6254,-146
2025-05-01 22:10:50,ÁSIA,7200,7132,-68
2025-05-01 22:10:57,BRASIL,3700,3500,-200
2025-05-01 22:11:04,BRASIL,3700,3520,-180
2025-05-01 22:11:10,Rio de Janeiro,3500,3605,105
2025-05-01 22:11:19,Rio de Janeiro,3500,3268,-232
2025-05-01 22:11:25,MÉXICO,4100,4103,3
2025-05-01 22:11:33,EUROPA,6400,6360,-40
2025-05-01 22:11:43,Rio de Janeiro,3500,3397,-103
2025-05-01 22:11:48,Rio de Janeiro,3500,3234,-266
2025-05-01 22:11:58,BRASIL,3700,3502,-198
2025-05-01 22:12:07,ÁSIA,7200,7346,146
2025-05-01 22:12:14,Rio de Janeiro,3500,3361,-139
2025-05-01 22:12:21,EUROPA,6400,6612,212
2025-05-01 22:12:30,ÁSIA,7200,6941,-259
2025-05-01 22:12:39,ÁSIA,7200,6985,-215
2025-05-01 22:12:49,ÁSIA,7200,7317,117
2025-05-01 22:12:58,Rio de Janeiro,3500,3218,-282
2025-05-01 22:13:06,BRASIL,3700,3809,109
2025-05-01 22:13:12,BRASIL,3700,3542,-158
2025-05-01 22:13:18,CARIBE,4200,3942,-258
2025-05-01 22:13:25,ÁSIA,7200,7021,-179
2025-05-01 22:13:31,BRASIL,3700,3712,12
2025-05-01 22:13:36,EUROPA,6400,6577,177
2025-05-01 22:13:43,EUROPA,6400,6330,-70
2025-05-01 22:13:50,CARIBE,4200,4108,-92
2025-05-01 22:13:56,CARIBE,4200,3969,-231
2025-05-01 22:14:02,MÉXICO,4100,4254,154
2025-05-01 22:14:10,BRASIL,3700,3927,227
2025-05-01 22:14:20,EUROPA,6400,6388,-12
2025-05-01 22:14:27,BRASIL,3700,3686,-14
2025-05-01 22:14:34,BRASIL,3700,3685,-15
2025-05-01 22:14:41,EUROPA,6400,6191,-209
2025-05-01 22:14:51,BRASIL,3700,3422,-278
2025-05-01 22:15:00,BRASIL,3700,3689,-11
2025-05-01 22:15:09,MÉXICO,4100,3939,-161
2025-05-01 22:15:18,BRASIL,3700,3790,90
2025-05-01 22:15:24,EUROPA,6400,6694,294
2025-05-01 22:15:33,CARIBE,4200,4306,106
2025-05-01 22:15:39,CARIBE,4200,4406,206
2025-05-01 22:15:46,Rio de Janeiro,3500,3417,-83
2025-05-01 22:15:52,ÁSIA,7200,7061,-139
2025-05-01 22:16:02,CARIBE,4200,4121,-79
2025-05-01 22:16:07,EUROPA,6400,6526,126
2025-05-01 22:16:16,MÉXICO,4100,3956,-144
2025-05-01 22:16:26,ÁSIA,7200,7173,-27
2025-05-01 22:16:35,Rio de Janeiro,3500,3440,-60
2025-05-01 22:16:45,MÉXICO,4100,3938,-162
2025-05-01 22:16:53,ÁSIA,7200,7051,-149
2025-05-01 22:16:59,BRASIL,3700,3707,7
2025-05-01 22:17:05,MÉXICO,4100,3970,-130
2025-05-01 22:17:12,BRASIL,3700,3866,166
2025-05-01 22:17:21,ÁSIA,7200,6918,-282
2025-05-01 22:17:29,BRASIL,3700,3712,12
2025-05-01 22:17:37,MÉXICO,4100,4335,235
2025-05-01 22:17:43,EUROPA,6400,6639,239
2025-05-01 22:17:50,ÁSIA,7200,7235,35
2025-05-01 22:17:55,MÉXICO,4100,4021,-79
2025-05-01 22:18:01,EUROPA,6400,6547,147
2025-05-01 22:18:08,MÉXICO,4100,4304,204
2025-05-01 22:18:17,BRASIL,3700,3487,-213
2025-05-01 22:18:26,MÉXICO,4100,4047,-53
2025-05-01 22:18:36,MÉXICO,4100,3986,-114
2025-05-01 22:18:46,Rio de Janeiro,3500,3578,78
2025-05-01 22:18:52,EUROPA,6400,6622,222
2025-05-01 22:18:59,Rio de Janeiro,3500,3493,-7
2025-05-01 22:19:08,BRASIL,3700,3421,-279
2025-05-01 22:19:18,EUROPA,6400,6135,-265
2025-05-01 22:19:24,EUROPA,6400,6444,44
2025-05-01 22:19:34,CARIBE,4200,4338,138
2025-05-01 22:19:41,BRASIL,3700,3753,53
2025-05-01 22:19:51,ÁSIA,7200,7483,283
2025-05-01 22:19:59,Rio de Janeiro,3500,3482,-18
2025-05-01 22:20:07,ÁSIA,7200,7365,165
2025-05-01 22:20:15,Rio de Janeiro,3500,3245,-255
2025-05-01 22:20:23,MÉXICO,4100,4300,200
2025-05-01 22:20:30,ÁSIA,7200,7428,228
2025-05-01 22:20:40,MÉXICO,4100,4107,7
2025-05-01 22:20:46,EUROPA,6400,6567,167
2025-05-01 22:20:52,MÉXICO,4100,4046,-54
2025-05-01 22:20:59,MÉXICO,4100,4354,254
2025-05-01 22:21:08,CARIBE,4200,4359,159
2025-05-01 22:21:18,CARIBE,4200,4250,50
2025-05-01 22:21:23,ÁSIA,7200,6959,-241
2025-05-01 22:21:29,Rio de Janeiro,3500,3511,11
2025-05-01 22:21:34,MÉXICO,4100,4070,-30
2025-05-01 22:21:43,EUROPA,6400,6239,-161
2025-05-01 22:21:48,BRASIL,3700,3996,296
2025-05-01 22:21:58,MÉXICO,4100,4127,27
2025-05-01 22:22:06,ÁSIA,7200,7329,129
2025-05-01 22:22:16,MÉXICO,4100,3918,-182
2025-05-01 22:22:26,ÁSIA,7200,7479,279
2025-05-01 22:22:33,ÁSIA,7200,7437,237
2025-05-01 22:22:39,EUROPA,6400,6213,-187
2025-05-01 22:22:49,MÉXICO,4100,4209,109
2025-05-01 22:22:56,MÉXICO,4100,4166,66
2025-05-01 22:23:04,CARIBE,4200,4385,185
2025-05-01 22:23:11,CARIBE,4200,4422,222
2025-05-01 22:23:16,CARIBE,4200,4346,146
2025-05-01 22:23:22,MÉXICO,4100,3895,-205
2025-05-01 22:23:28,ÁSIA,7200,7044,-156
2025-05-01 22:23:34,BRASIL,3700,3775,75
2025-05-01 22:23:43,ÁSIA,7200,6910,-290
2025-05-01 22:23:48,MÉXICO,4100,4391,291
2025-05-01 22:23:54,Rio de Janeiro,3500,3394,-106
2025-05-01 22:24:04,CARIBE,4200,4066,-134
2025-05-01 22:24:09,MÉXICO,4100,3900,-200
2025-05-01 22:24:14,EUROPA,6400,6243,-157
2025-05-01 22:24:22,ÁSIA,7200,7320,120
2025-05-01 22:24:27,Rio de Janeiro,3500,3772,272
2025-05-01 22:24:32,CARIBE,4200,4005,-195
2025-05-01 22:24:39,ÁSIA,7200,7219,19
2025-05-01 22:24:48,BRASIL,3700,3685,-15
2025-05-01 22:24:56,EUROPA,6400,6671,271
2025-05-01 22:25:06,BRASIL,3700,3922,222
2025-05-01 22:25:15,ÁSIA,7200,7189,-11
2025-05-01 22:25:31,EUROPA,6400,6188,-212
2025-05-01 22:25:38,Rio de Janeiro,3500,3294,-206
2025-05-01 22:25:46,CARIBE,4200,4111,-89
2025-05-01 22:25:52,ÁSIA,7200,6980,-220
2025-05-01 22:25:58,MÉXICO,4100,4266,166
2025-05-01 22:26:06,MÉXICO,4100,3990,-110
2025-05-01 22:26:11,Rio de Janeiro,3500,3769,269
2025-05-01 22:26:17,MÉXICO,4100,4169,69
2025-05-01 22:26:25,ÁSIA,7200,7114,-86
2025-05-01 22:26:30,BRASIL,3700,3639,-61
2025-05-01 22:26:37,CARIBE,4200,4081,-119
2025-05-01 22:26:45,ÁSIA,7200,7377,177
2025-05-01 22:26:52,MÉXICO,4100,3944,-156
2025-05-01 22:26:59,BRASIL,3700,3802,102
2025-05-01 22:27:04,BRASIL,3700,3456,-244
2025-05-01 22:27:13,ÁSIA,7200,7039,-161
2025-05-01 22:27:22,BRASIL,3700,3909,209
2025-05-01 22:27:30,BRASIL,3700,3879,179
2025-05-01 22:27:37,CARIBE,4200,4304,104
2025-05-01 22:27:45,ÁSIA,7200,7086,-114
2025-05-01 22:27:53,BRASIL,3700,3526,-174
2025-05-01 22:27:59,BRASIL,3700,3547,-153
2025-05-01 22:28:09,EUROPA,6400,6356,-44
2025-05-01 22:28:17,CARIBE,4200,4149,-51
2025-05-01 22:28:23,ÁSIA,7200,7461,261
2025-05-01 22:28:28,ÁSIA,7200,7091,-109
2025-05-01 22:28:34,EUROPA,6400,6339,-61
2025-05-01 22:28:44,ÁSIA,7200,6929,-271
2025-05-01 22:28:50,ÁSIA,7200,7052,-148
2025-05-01 22:28:58,CARIBE,4200,4336,136
2025-05-01 22:29:07,MÉXICO,4100,4067,-33
2025-05-01 22:29:12,ÁSIA,7200,6983,-217
2025-05-01 22:29:22,EUROPA,6400,6395,-5
2025-05-01 22:29:29,BRASIL,3700,3504,-196
2025-05-01 22:29:34,EUROPA,6400,6430,30
2025-05-01 22:29:39,ÁSIA,7200,6931,-269
2025-05-01 22:29:44,CARIBE,4200,4426,226
2025-05-01 22:29:51,ÁSIA,7200,7488,288
2025-05-01 22:30:01,CARIBE,4200,3902,-298
2025-05-01 22:30:07,Rio de Janeiro,3500,3272,-228
2025-05-01 22:30:15,ÁSIA,7200,6973,-227
2025-05-01 22:30:21,EUROPA,6400,6487,87
2025-05-01 22:30:26,CARIBE,4200,4436,236
2025-05-01 22:30:31,EUROPA,6400,6137,-263
2025-05-01 22:30:40,ÁSIA,7200,7439,239
2025-05-01 22:30:46,Rio de Janeiro,3500,3506,6
2025-05-01 22:30:56,ÁSIA,7200,7069,-131
2025-05-01 22:31:03,ÁSIA,7200,7118,-82
2025-05-01 22:31:12,ÁSIA,7200,7354,154
2025-05-01 22:31:21,MÉXICO,4100,4322,222
2025-05-01 22:31:29,EUROPA,6400,6246,-154
2025-05-01 22:31:39,CARIBE,4200,4241,41
2025-05-01 22:31:48,Rio de Janeiro,3500,3255,-245
2025-05-01 22:31:56,CARIBE,4200,4435,235
2025-05-01 22:32:06,MÉXICO,4100,4121,21
2025-05-01 22:32:11,BRASIL,3700,3604,-96
2025-05-01 22:32:18,CARIBE,4200,4042,-158
2025-05-01 22:32:27,Rio de Janeiro,3500,3770,270
2025-05-01 22:32:34,EUROPA,6400,6601,201
2025-05-01 22:32:39,MÉXICO,4100,3807,-293
2025-05-01 22:32:45,BRASIL,3700,3795,95
2025-05-01 22:32:51,BRASIL,3700,3898,198
2025-05-01 22:33:00,MÉXICO,4100,4030,-70
2025-05-01 22:33:08,CARIBE,4200,4099,-101
2025-05-01 22:33:15,EUROPA,6400,6495,95
2025-05-01 22:33:25,EUROPA,6400,6259,-141
2025-05-01 22:33:34,ÁSIA,7200,6953,-247
2025-05-01 22:33:42,Rio de Janeiro,3500,3441,-59
2025-05-01 22:33:48,Rio de Janeiro,3500,3491,-9
2025-05-01 22:33:56,CARIBE,4200,4148,-52
2025-05-01 22:34:04,BRASIL,3700,3572,-128
2025-05-01 22:34:14,MÉXICO,4100,4267,167
2025-05-01 22:34:23,EUROPA,6400,6152,-248
2025-05-01 22:34:28,EUROPA,6400,6602,202
2025-05-01 22:34:35,CARIBE,4200,4087,-113
2025-05-01 22:34:41,CARIBE,4200,4430,230
2025-05-01 22:34:48,MÉXICO,4100,4008,-92
2025-05-01 22:34:56,CARIBE,4200,4100,-100
2025-05-01 22:35:02,MÉXICO,4100,4054,-46
2025-05-01 22:35:11,ÁSIA,7200,7224,24
2025-05-01 22:35:18,BRASIL,3700,3997,297
2025-05-01 22:35:24,EUROPA,6400,6657,257
2025-05-01 22:35:34,Rio de Janeiro,3500,3210,-290
2025-05-01 22:35:43,CARIBE,4200,4076,-124
2025-05-01 22:35:50,BRASIL,3700,3468,-232
2025-05-01 22:36:00,EUROPA,6400,6252,-148
2025-05-01 22:36:10,MÉXICO,4100,3919,-181
2025-05-01 22:36:15,CARIBE,4200,4064,-136
2025-05-01 22:36:23,ÁSIA,7200,7414,214
2025-05-01 22:36:32,EUROPA,6400,6259,-141
2025-05-01 22:36:41,BRASIL,3700,3884,184
2025-05-01 22:36:49,CARIBE,4200,3934,-266
2025-05-01 22:36:59,ÁSIA,7200,6987,-213
2025-05-01 22:37:07,CARIBE,4200,4334,134
2025-05-01 22:37:16,MÉXICO,4100,3980,-120
2025-05-01 22:37:24,CARIBE,4200,4091,-109
2025-05-01 22:37:34,ÁSIA,7200,6999,-201
2025-05-01 22:37:42,MÉXICO,4100,3944,-156
2025-05-01 22:37:50,MÉXICO,4100,4256,156
2025-05-01 22:38:00,CARIBE,4200,4020,-180
2025-05-01 22:38:07,BRASIL,3700,3428,-272
2025-05-01 22:38:16,BRASIL,3700,3692,-8
2025-05-01 22:38:22,EUROPA,6400,6694,294
2025-05-01 22:38:28,MÉXICO,4100,4247,147
2025-05-01 22:38:37,CARIBE,4200,4398,198
2025-05-01 22:38:45,EUROPA,6400,6280,-120
2025-05-01 22:38:55,EUROPA,6400,6467,67
2025-05-01 22:39:01,CARIBE,4200,4378,178
2025-05-01 22:39:08,CARIBE,4200,3925,-275
2025-05-01 22:39:17,MÉXICO,4100,3941,-159
2025-05-01 22:39:25,CARIBE,4200,4180,-20
2025-05-01 22:39:32,EUROPA,6400,6167,-233
2025-05-01 22:39:39,EUROPA,6400,6416,16
2025-05-01 22:39:49,MÉXICO,4100,4360,260
2025-05-01 22:39:56,CARIBE,4200,4090,-110
2025-05-01 22:40:05,ÁSIA,7200,7391,191
2025-05-01 22:40:10,BRASIL,3700,3457,-243
2025-05-01 22:40:18,ÁSIA,7200,7042,-158
2025-05-01 22:40:26,Rio de Janeiro,3500,3352,-148
2025-05-01 22:40:34,BRASIL,3700,3968,268
2025-05-01 22:40:39,EUROPA,6400,6358,-42
2025-05-01 22:40:48,BRASIL,3700,3727,27
2025-05-01 22:40:55,CARIBE,4200,4296,96
2025-05-01 22:41:05,EUROPA,6400,6109,-291
2025-05-01 22:41:10,CARIBE,4200,4383,183
2025-05-01 22:41:15,MÉXICO,4100,3869,-231
2025-05-01 22:41:22,ÁSIA,7200,7282,82
2025-05-01 22:41:29,CARIBE,4200,4028,-172
2025-05-01 22:41:36,Rio de Janeiro,3500,3733,233
2025-05-01 22:41:45,ÁSIA,7200,7152,-48
2025-05-01 22:41:54,BRASIL,3700,3407,-293
2025-05-01 22:42:02,Rio de Janeiro,3500,3456,-44
2025-05-01 22:42:09,CARIBE,4200,4263,63
2025-05-01 22:42:16,EUROPA,6400,6105,-295
2025-05-01 22:42:25,MÉXICO,4100,4229,129
2025-05-01 22:42:34,EUROPA,6400,6673,273
2025-05-01 22:42:44,CARIBE,4200,3945,-255
2025-05-01 22:42:51,BRASIL,3700,3457,-243
2025-05-01 22:42:59,Rio de Janeiro,3500,3270,-230
2025-05-01 22:43:06,EUROPA,6400,6227,-173
2025-05-01 22:43:15,EUROPA,6400,6524,124
2025-05-01 22:43:20,ÁSIA,7200,7055,-145
2025-05-01 22:43:28,CARIBE,4200,4301,101
2025-05-01 22:43:34,EUROPA,6400,6272,-128
2025-05-01 22:43:41,ÁSIA,7200,7432,232
2025-05-01 22:43:46,ÁSIA,7200,7275,75
2025-05-01 22:43:52,EUROPA,6400,6346,-54
2025-05-01 22:43:58,BRASIL,3700,3542,-158
2025-05-01 22:44:06,CARIBE,4200,4262,62
2025-05-01 22:44:14,BRASIL,3700,3442,-258
2025-05-01 22:44:20,CARIBE,4200,3953,-247
2025-05-01 22:44:29,ÁSIA,7200,7087,-113
2025-05-01 22:44:36,Rio de Janeiro,3500,3432,-68
2025-05-01 22:44:41,CARIBE,4200,4010,-190
2025-05-01 22:44:46,MÉXICO,4100,4165,65
2025-05-01 22:44:51,MÉXICO,4100,4246,146
2025-05-01 22:45:01,BRASIL,3700,3942,242
2025-05-01 22:45:18,BRASIL,3700,3942,242
2025-05-01 22:45:27,EUROPA,6400,6476,76
2025-05-01 22:45:35,Rio de Janeiro,3500,3602,102
2025-05-01 22:45:42,MÉXICO,4100,3905,-195
2025-05-01 22:45:47,MÉXICO,4100,4224,124
2025-05-01 22:45:56,BRASIL,3700,3675,-25
2025-05-01 22:46:05,MÉXICO,4100,4017,-83
2025-05-01 22:46:15,EUROPA,6400,6190,-210
2025-05-01 22:46:22,Rio de Janeiro,3500,3305,-195
2025-05-01 22:46:31,BRASIL,3700,3964,264
2025-05-01 22:46:38,MÉXICO,4100,4213,113
2025-05-01 22:46:44,ÁSIA,7200,7281,81
2025-05-01 22:46:52,CARIBE,4200,4487,287
2025-05-01 22:47:00,EUROPA,6400,6363,-37
2025-05-01 22:47:08,MÉXICO,4100,4350,250
2025-05-01 22:47:13,ÁSIA,7200,7189,-11
2025-05-01 22:47:19,ÁSIA,7200,7205,5
2025-05-01 22:47:24,BRASIL,3700,3935,235
2025-05-01 22:47:32,Rio de Janeiro,3500,3327,-173
2025-05-01 22:47:40,ÁSIA,7200,7208,8
2025-05-01 22:47:50,MÉXICO,4100,3929,-171
2025-05-01 22:47:56,BRASIL,3700,3487,-213
2025-05-01 22:48:04,BRASIL,3700,3626,-74
2025-05-01 22:48:10,ÁSIA,7200,6935,-265
2025-05-01 22:48:18,Rio de Janeiro,3500,3392,-108
2025-05-01 22:48:24,MÉXICO,4100,3959,-141
2025-05-01 22:48:32,Rio de Janeiro,3500,3397,-103
2025-05-01 22:48:37,CARIBE,4200,4045,-155
2025-05-01 22:48:45,BRASIL,3700,3772,72
2025-05-01 22:48:55,EUROPA,6400,6350,-50
2025-05-01 22:49:05,ÁSIA,7200,7263,63
2025-05-01 22:49:14,ÁSIA,7200,7267,67
2025-05-01 22:49:22,Rio de Janeiro,3500,3627,127
2025-05-01 22:49:32,Rio de Janeiro,3500,3612,112
2025-05-01 22:49:41,Rio de Janeiro,3500,3432,-68
2025-05-01 22:49:47,CARIBE,4200,4438,238
2025-05-01 22:49:57,MÉXICO,4100,3919,-181
2025-05-01 22:50:03,Rio de Janeiro,3500,3626,126
2025-05-01 22:50:13,Rio de Janeiro,3500,3321,-179
2025-05-01 22:50:19,EUROPA,6400,6483,83
2025-05-01 22:50:25,Rio de Janeiro,3500,3223,-277
2025-05-01 22:50:32,BRASIL,3700,3599,-101
2025-05-01 22:50:39,Rio de Janeiro,3500,3787,287
2025-05-01 22:50:45,BRASIL,3700,3716,16
2025-05-01 22:50:53,CARIBE,4200,4219,19
2025-05-01 22:51:00,MÉXICO,4100,3890,-210
2025-05-01 22:51:06,ÁSIA,7200,7307,107
2025-05-01 22:51:15,Rio de Janeiro,3500,3378,-122
2025-05-01 22:51:24,BRASIL,3700,3671,-29
2025-05-01 22:51:31,EUROPA,6400,6604,204
2025-05-01 22:51:41,ÁSIA,7200,7259,59
2025-05-01 22:51:49,ÁSIA,7200,7056,-144
2025-05-01 22:51:58,CARIBE,4200,3906,-294
2025-05-01 22:52:08,Rio de Janeiro,3500,3390,-110
2025-05-01 22:53:06,MÉXICO,4100,4061,-39
2025-05-01 22:53:14,CARIBE,4200,3975,-225
2025-05-01 22:53:24,CARIBE,4200,3943,-257
2025-05-01 22:53:29,CARIBE,4200,4048,-152
2025-05-01 22:53:39,BRASIL,3700,3665,-35
2025-05-01 22:53:47,EUROPA,6400,6615,215
2025-05-01 22:53:52,ÁSIA,7200,6962,-238
2025-05-01 22:54:02,CARIBE,4200,3925,-275
2025-05-01 22:54:08,CARIBE,4200,4486,286
2025-05-01 22:54:13,ÁSIA,7200,7487,287
2025-05-01 22:54:20,EUROPA,6400,6188,-212
2025-05-01 22:54:29,MÉXICO,4100,4176,76
2025-05-01 22:54:39,Rio de Janeiro,3500,3448,-52
2025-05-01 22:54:44,BRASIL,3700,3910,210
2025-05-01 22:54:53,CARIBE,4200,4295,95
2025-05-01 22:55:02,BRASIL,3700,3566,-134
2025-05-01 22:55:07,Rio de Janeiro,3500,3254,-246
2025-05-01 22:55:16,Rio de Janeiro,3500,3385,-115
2025-05-01 22:55:21,EUROPA,6400,6657,257
2025-05-01 22:55:31,Rio de Janeiro,3500,3243,-257
2025-05-01 22:55:38,MÉXICO,4100,3914,-186
2025-05-01 22:55:46,Rio de Janeiro,3500,3483,-17
2025-05-01 22:55:52,ÁSIA,7200,6901,-299
2025-05-01 22:56:00,MÉXICO,4100,3884,-216
2025-05-01 22:56:07,MÉXICO,4100,4018,-82
2025-05-01 22:56:16,MÉXICO,4100,4332,232
2025-05-01 22:56:25,MÉXICO,4100,4038,-62
2025-05-01 22:56:31,Rio de Janeiro,3500,3374,-126
2025-05-01 22:56:41,Rio de Janeiro,3500,3341,-159
2025-05-01 22:56:46,BRASIL,3700,3884,184
2025-05-01 22:56:58,CARIBE,4200,4007,-193
2025-05-01 22:57:06,MÉXICO,4100,4391,291
2025-05-01 22:57:12,EUROPA,6400,6259,-141
2025-05-01 22:57:19,Rio de Janeiro,3500,3596,96
2025-05-01 22:57:28,MÉXICO,4100,3879,-221
2025-05-01 22:57:33,ÁSIA,7200,7077,-123
2025-05-01 22:57:40,ÁSIA,7200,7280,80
2025-05-01 22:57:45,Rio de Janeiro,3500,3635,135
2025-05-01 22:57:51,EUROPA,6400,6591,191
2025-05-01 22:58:00,ÁSIA,7200,7319,119
2025-05-01 22:58:08,CARIBE,4200,4169,-31
2025-05-01 22:58:14,BRASIL,3700,3838,138
2025-05-01 22:58:19,ÁSIA,7200,7327,127
2025-05-01 22:58:24,EUROPA,6400,6536,136
2025-05-01 22:58:32,MÉXICO,4100,4397,297
2025-05-01 22:58:42,MÉXICO,4100,3991,-109
2025-05-01 22:58:49,BRASIL,3700,3991,291
2025-05-01 22:58:56,ÁSIA,7200,6948,-252
2025-05-01 22:59:01,CARIBE,4200,4461,261
2025-05-01 22:59:09,BRASIL,3700,3918,218
2025-05-01 22:59:19,BRASIL,3700,3621,-79
2025-05-01 22:59:29,CARIBE,4200,3912,-288
2025-05-01 22:59:35,CARIBE,4200,4228,28
2025-05-01 22:59:44,Rio de Janeiro,3500,3587,87
2025-05-01 22:59:54,MÉXICO,4100,4085,-15
2025-05-01 23:00:00,Rio de Janeiro,3500,3295,-205
2025-05-01 23:00:05,CARIBE,4200,3954,-246
2025-05-01 23:00:12,BRASIL,3700,3661,-39
2025-05-01 23:00:20,CARIBE,4200,3945,-255
2025-05-01 23:02:48,MÉXICO,4100,4136,36
2025-05-01 23:02:53,ÁSIA,7200,7408,208
2025-05-01 23:03:02,EUROPA,6400,6561,161
2025-05-01 23:03:12,ÁSIA,7200,7353,153
2025-05-01 23:03:18,ÁSIA,7200,7207,7
2025-05-01 23:03:26,MÉXICO,4100,3909,-191
2025-05-01 23:03:32,BRASIL,3700,3642,-58
2025-05-01 23:03:40,EUROPA,6400,6134,-266
2025-05-01 23:03:49,ÁSIA,7200,7201,1
2025-05-01 23:03:59,Rio de Janeiro,3500,3480,-20
2025-05-01 23:04:08,BRASIL,3700,3875,175
2025-05-01 23:04:18,CARIBE,4200,3932,-268
2025-05-01 23:04:27,MÉXICO,4100,3818,-282
2025-05-01 23:04:33,EUROPA,6400,6133,-267
2025-05-01 23:04:38,MÉXICO,4100,4169,69
2025-05-01 23:04:43,MÉXICO,4100,3901,-199
2025-05-01 23:04:48,ÁSIA,7200,7170,-30
2025-05-01 23:04:54,CARIBE,4200,4297,97
2025-05-01 23:04:59,Rio de Janeiro,3500,3478,-22
2025-05-01 23:05:07,EUROPA,6400,6409,9
2025-05-01 23:05:15,EUROPA,6400,6186,-214
2025-05-01 23:05:23,MÉXICO,4100,4227,127
2025-05-01 23:05:30,CARIBE,4200,3936,-264
2025-05-01 23:05:39,MÉXICO,4100,3933,-167
2025-05-01 23:05:46,MÉXICO,4100,4135,35
2025-05-01 23:05:53,CARIBE,4200,4114,-86
2025-05-01 23:06:00,EUROPA,6400,6268,-132
2025-05-01 23:06:09,Rio de Janeiro,3500,3331,-169
2025-05-01 23:06:15,Rio de Janeiro,3500,3512,12
2025-05-01 23:06:21,Rio de Janeiro,3500,3339,-161
2025-05-01 23:06:27,MÉXICO,4100,4073,-27
2025-05-01 23:06:33,CARIBE,4200,4370,170
2025-05-01 23:06:43,MÉXICO,4100,3884,-216
2025-05-01 23:06:48,EUROPA,6400,6197,-203
2025-05-01 23:06:54,BRASIL,3700,3993,293
2025-05-01 23:07:00,Rio de Janeiro,3500,3215,-285
2025-05-01 23:07:09,BRASIL,3700,3997,297
2025-05-01 23:07:19,BRASIL,3700,3604,-96
2025-05-01 23:07:28,EUROPA,6400,6455,55
2025-05-01 23:07:35,BRASIL,3700,3924,224
2025-05-01 23:07:41,BRASIL,3700,3980,280
2025-05-01 23:07:48,ÁSIA,7200,7018,-182
2025-05-01 23:07:53,MÉXICO,4100,4068,-32
2025-05-01 23:08:02,MÉXICO,4100,4210,110
2025-05-01 23:08:09,BRASIL,3700,3653,-47
2025-05-01 23:08:17,ÁSIA,7200,6947,-253
2025-05-01 23:08:24,Rio de Janeiro,3500,3563,63
2025-05-01 23:08:31,Rio de Janeiro,3500,3630,130
2025-05-01 23:08:39,CARIBE,4200,4130,-70
2025-05-01 23:08:49,ÁSIA,7200,7349,149
2025-05-01 23:08:58,MÉXICO,4100,4023,-77
2025-05-01 23:09:03,EUROPA,6400,6146,-254
2025-05-01 23:09:12,MÉXICO,4100,3964,-136
2025-05-01 23:09:20,EUROPA,6400,6637,237
2025-05-01 23:09:29,ÁSIA,7200,7011,-189
2025-05-01 23:09:39,BRASIL,3700,3621,-79
2025-05-01 23:09:44,MÉXICO,4100,3974,-126
2025-05-01 23:09:54,EUROPA,6400,6661,261
2025-05-01 23:10:02,MÉXICO,4100,3883,-217
2025-05-01 23:10:09,Rio de Janeiro,3500,3577,77
2025-05-01 23:10:19,CARIBE,4200,4030,-170
2025-05-01 23:10:28,EUROPA,6400,6101,-299
2025-05-01 23:10:37,MÉXICO,4100,4116,16
2025-05-01 23:10:45,CARIBE,4200,4187,-13
2025-05-01 23:10:50,Rio de Janeiro,3500,3354,-146
2025-05-01 23:11:00,CARIBE,4200,4216,16
2025-05-01 23:11:07,EUROPA,6400,6634,234
2025-05-01 23:11:15,BRASIL,3700,3849,149
2025-05-01 23:11:23,BRASIL,3700,3613,-87
2025-05-01 23:11:30,Rio de Janeiro,3500,3787,287
2025-05-01 23:11:36,CARIBE,4200,4077,-123
2025-05-01 23:11:41,CARIBE,4200,4481,281
2025-05-01 23:11:50,CARIBE,4200,4076,-124
2025-05-01 23:12:00,BRASIL,3700,3433,-267
2025-05-01 23:12:07,ÁSIA,7200,7083,-117
2025-05-01 23:12:15,BRASIL,3700,3675,-25
2025-05-01 23:12:20,Rio de Janeiro,3500,3244,-256
2025-05-01 23:12:29,CARIBE,4200,4410,210
2025-05-01 23:12:35,EUROPA,6400,6124,-276
2025-05-01 23:12:45,CARIBE,4200,4374,174
2025-05-01 23:12:51,BRASIL,3700,3772,72
2025-05-01 23:12:57,ÁSIA,7200,7029,-171
2025-05-01 23:13:07,Rio de Janeiro,3500,3365,-135
2025-05-01 23:13:14,CARIBE,4200,4136,-64
2025-05-01 23:13:20,CARIBE,4200,3945,-255
2025-05-01 23:13:26,CARIBE,4200,4066,-134
2025-05-01 23:13:33,Rio de Janeiro,3500,3355,-145
2025-05-01 23:13:41,MÉXICO,4100,4287,187
2025-05-01 23:13:50,EUROPA,6400,6263,-137
2025-05-01 23:13:59,CARIBE,4200,4228,28
2025-05-01 23:14:05,EUROPA,6400,6384,-16
2025-05-01 23:14:14,CARIBE,4200,3936,-264
2025-05-01 23:14:23,MÉXICO,4100,4396,296
2025-05-01 23:14:29,Rio de Janeiro,3500,3532,32
2025-05-01 23:14:37,EUROPA,6400,6475,75
2025-05-01 23:14:46,BRASIL,3700,3776,76
2025-05-01 23:14:52,ÁSIA,7200,7314,114
2025-05-01 23:15:00,MÉXICO,4100,4285,185
2025-05-01 23:15:08,BRASIL,3700,3853,153
2025-05-01 23:15:14,MÉXICO,4100,4040,-60
2025-05-01 23:15:22,ÁSIA,7200,7222,22
2025-05-01 23:15:29,EUROPA,6400,6617,217
2025-05-01 23:15:36,MÉXICO,4100,4066,-34
2025-05-01 23:15:46,CARIBE,4200,3912,-288
2025-05-01 23:15:56,EUROPA,6400,6544,144
2025-05-01 23:16:02,BRASIL,3700,3619,-81
2025-05-01 23:16:09,CARIBE,4200,4433,233
2025-05-01 23:16:17,Rio de Janeiro,3500,3424,-76
2025-05-01 23:16:25,ÁSIA,7200,7242,42
2025-05-01 23:16:30,EUROPA,6400,6696,296
2025-05-01 23:16:36,ÁSIA,7200,7274,74
2025-05-01 23:16:46,EUROPA,6400,6290,-110
2025-05-01 23:16:54,MÉXICO,4100,4133,33
2025-05-01 23:17:02,Rio de Janeiro,3500,3308,-192
2025-05-01 23:17:08,ÁSIA,7200,7144,-56
2025-05-01 23:17:18,MÉXICO,4100,3827,-273
2025-05-01 23:17:26,MÉXICO,4100,4218,118
2025-05-01 23:17:34,BRASIL,3700,3845,145
2025-05-01 23:17:42,CARIBE,4200,4071,-129
2025-05-01 23:17:51,ÁSIA,7200,7330,130
2025-05-01 23:18:00,ÁSIA,7200,7331,131
2025-05-01 23:18:08,MÉXICO,4100,4392,292
2025-05-01 23:18:14,ÁSIA,7200,7148,-52
2025-05-01 23:18:20,EUROPA,6400,6580,180
2025-05-01 23:18:25,Rio de Janeiro,3500,3786,286
2025-05-01 23:18:30,ÁSIA,7200,6950,-250
2025-05-01 23:18:38,Rio de Janeiro,3500,3536,36
2025-05-01 23:18:45,MÉXICO,4100,4351,251
2025-05-01 23:18:55,Rio de Janeiro,3500,3749,249
2025-05-01 23:19:00,MÉXICO,4100,4205,105
2025-05-01 23:19:05,CARIBE,4200,4332,132
2025-05-01 23:19:10,ÁSIA,7200,7349,149
2025-05-01 23:19:19,ÁSIA,7200,7145,-55
2025-05-01 23:19:28,EUROPA,6400,6592,192
2025-05-01 23:19:35,CARIBE,4200,4126,-74
2025-05-01 23:19:45,Rio de Janeiro,3500,3347,-153
2025-05-01 23:19:50,BRASIL,3700,3478,-222
2025-05-01 23:20:00,Rio de Janeiro,3500,3238,-262
2025-05-01 23:20:07,ÁSIA,7200,7177,-23
2025-05-01 23:20:17,ÁSIA,7200,7151,-49
2025-05-01 23:20:26,Rio de Janeiro,3500,3343,-157
2025-05-01 23:20:35,CARIBE,4200,4159,-41
2025-05-01 23:20:44,BRASIL,3700,3755,55
2025-05-01 23:20:52,Rio de Janeiro,3500,3712,212
2025-05-01 23:21:02,EUROPA,6400,6508,108
2025-05-01 23:21:07,CARIBE,4200,4047,-153
2025-05-01 23:21:15,ÁSIA,7200,7458,258
2025-05-01 23:21:20,CARIBE,4200,3962,-238
2025-05-01 23:21:25,BRASIL,3700,3490,-210
2025-05-01 23:21:30,Rio de Janeiro,3500,3397,-103
2025-05-01 23:21:40,MÉXICO,4100,3898,-202
2025-05-01 23:21:49,Rio de Janeiro,3500,3498,-2
2025-05-01 23:21:55,ÁSIA,7200,7357,157
2025-05-01 23:22:03,CARIBE,4200,4178,-22
2025-05-01 23:22:11,MÉXICO,4100,4091,-9
2025-05-01 23:22:17,MÉXICO,4100,4039,-61
2025-05-01 23:22:25,Rio de Janeiro,3500,3710,210
2025-05-01 23:22:33,ÁSIA,7200,7342,142
2025-05-01 23:22:41,Rio de Janeiro,3500,3278,-222
2025-05-01 23:22:50,EUROPA,6400,6184,-216
2025-05-01 23:23:00,CARIBE,4200,4408,208
2025-05-01 23:23:07,CARIBE,4200,4173,-27
2025-05-01 23:23:12,Rio de Janeiro,3500,3270,-230
2025-05-01 23:23:20,ÁSIA,7200,7349,149
2025-05-01 23:23:27,CARIBE,4200,3951,-249
2025-05-01 23:23:35,CARIBE,4200,3936,-264
2025-05-01 23:23:45,ÁSIA,7200,6972,-228
2025-05-01 23:23:54,CARIBE,4200,4465,265
2025-05-01 23:24:00,Rio de Janeiro,3500,3405,-95
2025-05-01 23:24:07,CARIBE,4200,4198,-2
2025-05-01 23:24:12,MÉXICO,4100,4042,-58
2025-05-01 23:24:21,ÁSIA,7200,7039,-161
2025-05-01 23:24:31,CARIBE,4200,4063,-137
2025-05-01 23:24:40,BRASIL,3700,3838,138
2025-05-01 23:24:50,Rio de Janeiro,3500,3704,204
2025-05-01 23:24:58,BRASIL,3700,3618,-82
2025-05-01 23:25:07,Rio de Janeiro,3500,3727,227
2025-05-01 23:25:13,CARIBE,4200,3908,-292
2025-05-01 23:25:18,ÁSIA,7200,7431,231
2025-05-01 23:25:23,Rio de Janeiro,3500,3597,97
2025-05-01 23:25:30,MÉXICO,4100,3875,-225
2025-05-01 23:25:36,EUROPA,6400,6141,-259
2025-05-01 23:25:43,Rio de Janeiro,3500,3643,143
2025-05-01 23:25:49,MÉXICO,4100,4014,-86
2025-05-01 23:25:58,CARIBE,4200,4403,203
2025-05-01 23:26:03,ÁSIA,7200,6910,-290
2025-05-01 23:26:10,CARIBE,4200,4042,-158
2025-05-01 23:26:17,EUROPA,6400,6191,-209
2025-05-01 23:26:22,MÉXICO,4100,4011,-89
2025-05-01 23:26:30,EUROPA,6400,6207,-193
2025-05-01 23:26:35,MÉXICO,4100,4281,181
2025-05-01 23:26:44,EUROPA,6400,6573,173
2025-05-01 23:26:53,MÉXICO,4100,4321,221
2025-05-01 23:26:58,BRASIL,3700,3912,212
2025-05-01 23:27:07,EUROPA,6400,6379,-21
2025-05-01 23:27:15,Rio de Janeiro,3500,3659,159
2025-05-01 23:27:20,ÁSIA,7200,6991,-209
2025-05-01 23:27:25,BRASIL,3700,3718,18
2025-05-01 23:27:32,ÁSIA,7200,6963,-237
2025-05-01 23:27:37,ÁSIA,7200,7379,179
2025-05-01 23:27:45,ÁSIA,7200,7481,281
2025-05-01 23:27:50,Rio de Janeiro,3500,3648,148
2025-05-01 23:27:57,EUROPA,6400,6555,155
2025-05-01 23:28:02,CARIBE,4200,4487,287
2025-05-01 23:28:07,CARIBE,4200,4223,23
2025-05-01 23:28:15,BRASIL,3700,3553,-147
2025-05-01 23:28:25,Rio de Janeiro,3500,3667,167
2025-05-01 23:28:30,ÁSIA,7200,7444,244
2025-05-01 23:28:36,Rio de Janeiro,3500,3744,244
2025-05-01 23:28:42,Rio de Janeiro,3500,3553,53
2025-05-01 23:28:49,EUROPA,6400,6159,-241
2025-05-01 23:28:59,Rio de Janeiro,3500,3768,268
2025-05-01 23:29:06,Rio de Janeiro,3500,3717,217
2025-05-01 23:29:14,ÁSIA,7200,7280,80
2025-05-01 23:29:22,CARIBE,4200,4057,-143
2025-05-01 23:29:31,ÁSIA,7200,6980,-220
2025-05-01 23:29:40,EUROPA,6400,6432,32
2025-05-01 23:29:46,Rio de Janeiro,3500,3560,60
2025-05-01 23:29:54,CARIBE,4200,3912,-288
2025-05-01 23:30:03,CARIBE,4200,4011,-189
2025-05-01 23:30:11,BRASIL,3700,3650,-50
2025-05-01 23:30:20,MÉXICO,4100,3809,-291
2025-05-01 23:30:29,BRASIL,3700,3799,99
2025-05-01 23:30:34,CARIBE,4200,4346,146
2025-05-01 23:30:41,MÉXICO,4100,4057,-43
2025-05-01 23:30:49,EUROPA,6400,6150,-250
2025-05-01 23:30:54,CARIBE,4200,3924,-276
2025-05-01 23:31:03,ÁSIA,7200,7352,152
2025-05-01 23:31:10,BRASIL,3700,3830,130
2025-05-01 23:31:19,ÁSIA,7200,7134,-66
2025-05-01 23:31:29,Rio de Janeiro,3500,3329,-171
2025-05-01 23:31:39,BRASIL,3700,3985,285
2025-05-01 23:31:44,CARIBE,4200,4336,136
2025-05-01 23:31:53,CARIBE,4200,4201,1
2025-05-01 23:32:03,ÁSIA,7200,7102,-98
2025-05-01 23:32:12,Rio de Janeiro,3500,3513,13
2025-05-01 23:32:20,EUROPA,6400,6589,189
2025-05-01 23:32:25,EUROPA,6400,6637,237
2025-05-01 23:32:35,MÉXICO,4100,3887,-213
2025-05-01 23:32:42,BRASIL,3700,3442,-258
2025-05-01 23:32:50,EUROPA,6400,6543,143
2025-05-01 23:32:55,EUROPA,6400,6203,-197
2025-05-01 23:33:01,ÁSIA,7200,7125,-75
2025-05-01 23:33:07,Rio de Janeiro,3500,3673,173
2025-05-01 23:33:17,EUROPA,6400,6267,-133
2025-05-01 23:33:25,ÁSIA,7200,7159,-41
2025-05-01 23:33:35,MÉXICO,4100,3968,-132
2025-05-01 23:33:40,BRASIL,3700,3581,-119
2025-05-01 23:33:48,MÉXICO,4100,4228,128
2025-05-01 23:33:58,Rio de Janeiro,3500,3698,198
2025-05-01 23:34:07,BRASIL,3700,3465,-235
2025-05-01 23:34:15,MÉXICO,4100,3925,-175
2025-05-01 23:34:20,CARIBE,4200,4210,10
2025-05-01 23:34:26,BRASIL,3700,3876,176
2025-05-01 23:34:31,Rio de Janeiro,3500,3536,36
2025-05-01 23:34:41,MÉXICO,4100,3847,-253
2025-05-01 23:34:46,BRASIL,3700,3598,-102
2025-05-01 23:34:54,Rio de Janeiro,3500,3688,188
2025-05-01 23:35:03,ÁSIA,7200,7030,-170
2025-05-01 23:35:12,ÁSIA,7200,7240,40
2025-05-01 23:35:18,CARIBE,4200,4432,232
2025-05-01 23:35:26,CARIBE,4200,4133,-67
2025-05-01 23:35:33,ÁSIA,7200,7135,-65
2025-05-01 23:35:38,BRASIL,3700,3508,-192
2025-05-01 23:35:47,EUROPA,6400,6416,16
2025-05-01 23:35:53,BRASIL,3700,3653,-47
2025-05-01 23:36:01,CARIBE,4200,4234,34
2025-05-01 23:36:07,EUROPA,6400,6154,-246
2025-05-01 23:36:12,Rio de Janeiro,3500,3635,135
2025-05-01 23:36:19,Rio de Janeiro,3500,3671,171
2025-05-01 23:36:28,CARIBE,4200,4367,167
2025-05-01 23:36:37,EUROPA,6400,6341,-59
2025-05-01 23:36:46,CARIBE,4200,4124,-76
2025-05-01 23:36:55,ÁSIA,7200,7009,-191
2025-05-01 23:37:01,MÉXICO,4100,4119,19
2025-05-01 23:37:06,BRASIL,3700,3759,59
2025-05-01 23:37:15,Rio de Janeiro,3500,3700,200
2025-05-01 23:37:20,Rio de Janeiro,3500,3392,-108
2025-05-01 23:37:30,EUROPA,6400,6396,-4
2025-05-01 23:37:36,ÁSIA,7200,6940,-260
2025-05-01 23:37:43,MÉXICO,4100,3927,-173
2025-05-01 23:37:53,EUROPA,6400,6657,257
2025-05-01 23:38:02,MÉXICO,4100,3985,-115
2025-05-01 23:38:11,Rio de Janeiro,3500,3663,163
2025-05-01 23:38:17,CARIBE,4200,4242,42
2025-05-01 23:38:23,Rio de Janeiro,3500,3755,255
2025-05-01 23:38:28,CARIBE,4200,4365,165
2025-05-01 23:38:35,ÁSIA,7200,6909,-291
2025-05-01 23:38:42,Rio de Janeiro,3500,3653,153
2025-05-01 23:38:51,EUROPA,6400,6672,272
2025-05-01 23:39:01,MÉXICO,4100,4117,17
2025-05-01 23:39:07,Rio de Janeiro,3500,3290,-210
2025-05-01 23:39:17,EUROPA,6400,6583,183
2025-05-01 23:39:23,BRASIL,3700,3538,-162
2025-05-01 23:39:31,BRASIL,3700,3583,-117
2025-05-01 23:39:36,EUROPA,6400,6276,-124
2025-05-01 23:39:43,MÉXICO,4100,3972,-128
2025-05-01 23:39:49,Rio de Janeiro,3500,3249,-251
2025-05-01 23:39:58,CARIBE,4200,4160,-40
2025-05-01 23:40:07,BRASIL,3700,3774,74
2025-05-01 23:40:17,CARIBE,4200,4254,54
2025-05-01 23:40:25,ÁSIA,7200,7117,-83
2025-05-01 23:40:33,EUROPA,6400,6420,20
2025-05-01 23:40:38,ÁSIA,7200,6911,-289
2025-05-01 23:40:46,MÉXICO,4100,4084,-16
2025-05-01 23:40:54,Rio de Janeiro,3500,3613,113
2025-05-01 23:41:01,Rio de Janeiro,3500,3611,111
2025-05-01 23:41:10,EUROPA,6400,6670,270
2025-05-01 23:41:17,CARIBE,4200,4089,-111
2025-05-01 23:41:27,EUROPA,6400,6115,-285
2025-05-01 23:41:33,Rio de Janeiro,3500,3515,15
2025-05-01 23:41:39,ÁSIA,7200,7484,284
2025-05-01 23:41:46,MÉXICO,4100,3923,-177
2025-05-01 23:41:56,Rio de Janeiro,3500,3643,143
2025-05-01 23:42:05,Rio de Janeiro,3500,3583,83
2025-05-01 23:42:10,BRASIL,3700,3663,-37
2025-05-01 23:42:18,ÁSIA,7200,7451,251
2025-05-01 23:42:27,EUROPA,6400,6540,140
2025-05-01 23:42:33,MÉXICO,4100,4167,67
2025-05-01 23:42:43,ÁSIA,7200,7035,-165
2025-05-01 23:42:53,MÉXICO,4100,4166,66
2025-05-01 23:43:01,MÉXICO,4100,4330,230
2025-05-01 23:43:11,ÁSIA,7200,7086,-114
2025-05-01 23:43:21,Rio de Janeiro,3500,3258,-242
2025-05-01 23:43:27,BRASIL,3700,3402,-298
2025-05-01 23:43:34,BRASIL,3700,3734,34
2025-05-01 23:43:45,BRASIL,3700,3707,7
2025-05-01 23:43:53,MÉXICO,4100,4371,271
2025-05-01 23:44:00,CARIBE,4200,4004,-196
2025-05-01 23:44:10,Rio de Janeiro,3500,3542,42
2025-05-01 23:44:16,CARIBE,4200,4115,-85
2025-05-01 23:44:24,Rio de Janeiro,3500,3259,-241
2025-05-01 23:44:32,Rio de Janeiro,3500,3442,-58
2025-05-01 23:44:39,CARIBE,4200,3975,-225
2025-05-01 23:44:44,EUROPA,6400,6199,-201
2025-05-01 23:44:52,CARIBE,4200,4325,125
2025-05-01 23:45:01,ÁSIA,7200,6922,-278
2025-05-02 00:33:47,ÁSIA,7200,7275,75
2025-05-02 00:33:55,ÁSIA,7200,7224,24
2025-05-02 00:34:03,Rio de Janeiro,3500,3784,284
2025-05-02 00:34:09,BRASIL,3700,3810,110
2025-05-02 00:34:19,ÁSIA,7200,7029,-171
2025-05-02 00:34:27,MÉXICO,4100,4067,-33
2025-05-02 00:34:37,MÉXICO,4100,3883,-217
2025-05-02 00:34:43,Rio de Janeiro,3500,3496,-4
2025-05-02 00:34:51,MÉXICO,4100,4022,-78
2025-05-02 00:35:00,ÁSIA,7200,7300,100
2025-05-02 00:35:07,EUROPA,6400,6606,206
2025-05-02 00:35:14,Rio de Janeiro,3500,3409,-91
2025-05-02 00:35:21,Rio de Janeiro,3500,3271,-229
2025-05-02 00:35:30,MÉXICO,4100,4197,97
2025-05-02 00:35:39,EUROPA,6400,6141,-259
2025-05-02 00:35:45,EUROPA,6400,6375,-25
2025-05-02 00:35:54,ÁSIA,7200,6951,-249
2025-05-02 00:35:59,EUROPA,6400,6660,260
2025-05-02 00:36:07,BRASIL,3700,3702,2
2025-05-02 00:36:17,CARIBE,4200,3947,-253
2025-05-02 00:36:23,BRASIL,3700,3714,14
2025-05-02 00:36:30,MÉXICO,4100,4065,-35
2025-05-02 00:36:40,BRASIL,3700,3892,192
2025-05-02 00:36:48,CARIBE,4200,4194,-6
2025-05-02 00:36:54,ÁSIA,7200,7031,-169
2025-05-02 00:36:59,EUROPA,6400,6539,139
2025-05-02 00:37:09,ÁSIA,7200,7019,-181
2025-05-02 00:37:15,BRASIL,3700,3674,-26
2025-05-02 00:37:22,CARIBE,4200,4421,221
2025-05-02 00:37:27,CARIBE,4200,4241,41
2025-05-02 00:37:32,CARIBE,4200,4177,-23
2025-05-02 00:37:37,ÁSIA,7200,7393,193
2025-05-02 00:37:45,CARIBE,4200,4115,-85
2025-05-02 00:37:53,CARIBE,4200,4339,139
2025-05-02 00:38:02,ÁSIA,7200,7416,216
2025-05-02 00:38:09,CARIBE,4200,4490,290
2025-05-02 00:38:19,Rio de Janeiro,3500,3587,87
2025-05-02 00:38:28,ÁSIA,7200,7454,254
2025-05-02 00:38:33,BRASIL,3700,3756,56
2025-05-02 00:38:40,BRASIL,3700,3613,-87
2025-05-02 00:38:49,Rio de Janeiro,3500,3389,-111
2025-05-02 00:38:54,CARIBE,4200,4295,95
2025-05-02 00:39:00,BRASIL,3700,3776,76
2025-05-02 00:39:10,EUROPA,6400,6700,300
2025-05-02 00:39:16,CARIBE,4200,4060,-140
2025-05-02 00:39:21,EUROPA,6400,6461,61
2025-05-02 00:39:26,Rio de Janeiro,3500,3611,111
2025-05-02 00:39:34,CARIBE,4200,4146,-54
2025-05-02 00:39:42,CARIBE,4200,3946,-254
2025-05-02 00:39:49,CARIBE,4200,4300,100
2025-05-02 00:39:55,MÉXICO,4100,4010,-90
2025-05-02 00:40:01,BRASIL,3700,3741,41
2025-05-02 00:40:10,EUROPA,6400,6381,-19
2025-05-02 00:40:19,Rio de Janeiro,3500,3284,-216
2025-05-02 00:40:26,ÁSIA,7200,6952,-248
2025-05-02 00:40:35,ÁSIA,7200,7305,105
2025-05-02 00:40:42,EUROPA,6400,6449,49
2025-05-02 00:40:47,ÁSIA,7200,7469,269
2025-05-02 00:40:55,MÉXICO,4100,4073,-27
2025-05-02 00:41:03,EUROPA,6400,6226,-174
2025-05-02 00:41:08,Rio de Janeiro,3500,3782,282
2025-05-02 00:41:18,EUROPA,6400,6124,-276
2025-05-02 00:41:28,EUROPA,6400,6633,233
2025-05-02 00:41:38,MÉXICO,4100,4064,-36
2025-05-02 00:41:45,BRASIL,3700,3461,-239
2025-05-02 00:41:52,CARIBE,4200,4043,-157
2025-05-02 00:41:57,Rio de Janeiro,3500,3700,200
2025-05-02 00:42:02,BRASIL,3700,3903,203
2025-05-02 00:42:12,BRASIL,3700,3816,116
2025-05-02 00:42:19,EUROPA,6400,6653,253
2025-05-02 00:42:27,BRASIL,3700,3755,55
2025-05-02 00:42:32,Rio de Janeiro,3500,3384,-116
2025-05-02 00:42:37,BRASIL,3700,3648,-52
2025-05-02 00:42:44,Rio de Janeiro,3500,3548,48
2025-05-02 00:42:51,Rio de Janeiro,3500,3735,235
2025-05-02 00:43:00,BRASIL,3700,3564,-136
2025-05-02 00:43:06,CARIBE,4200,4037,-163
2025-05-02 00:43:12,CARIBE,4200,4307,107
2025-05-02 00:43:19,Rio de Janeiro,3500,3314,-186
2025-05-02 00:43:25,ÁSIA,7200,7331,131
2025-05-02 00:43:31,MÉXICO,4100,3911,-189
2025-05-02 00:43:39,MÉXICO,4100,4116,16
2025-05-02 00:43:47,MÉXICO,4100,3821,-279
2025-05-02 00:43:53,ÁSIA,7200,6926,-274
2025-05-02 00:44:02,EUROPA,6400,6402,2
2025-05-02 00:44:09,ÁSIA,7200,6946,-254
2025-05-02 00:44:16,BRASIL,3700,3651,-49
2025-05-02 00:44:22,CARIBE,4200,4313,113
2025-05-02 00:44:30,CARIBE,4200,4324,124
2025-05-02 00:44:35,Rio de Janeiro,3500,3525,25
2025-05-02 00:44:45,BRASIL,3700,3651,-49
2025-05-02 00:44:51,ÁSIA,7200,7398,198
2025-05-02 00:45:01,ÁSIA,7200,7240,40
2025-05-02 00:45:10,MÉXICO,4100,4116,16
2025-05-02 00:45:17,BRASIL,3700,3783,83
2025-05-02 00:45:27,Rio de Janeiro,3500,3799,299
2025-05-02 00:45:34,ÁSIA,7200,7023,-177
2025-05-02 00:45:43,MÉXICO,4100,4083,-17
2025-05-02 00:45:49,BRASIL,3700,3560,-140
2025-05-02 00:45:59,EUROPA,6400,6352,-48
2025-05-02 00:46:09,Rio de Janeiro,3500,3735,235
2025-05-02 00:46:16,EUROPA,6400,6285,-115
2025-05-02 00:46:22,ÁSIA,7200,7062,-138
2025-05-02 00:46:30,EUROPA,6400,6382,-18
2025-05-02 00:46:39,ÁSIA,7200,6921,-279
2025-05-02 00:46:46,CARIBE,4200,4048,-152
2025-05-02 00:46:55,ÁSIA,7200,7462,262
2025-05-02 00:47:03,CARIBE,4200,4477,277
2025-05-02 00:47:12,ÁSIA,7200,6937,-263
2025-05-02 00:47:19,EUROPA,6400,6221,-179
2025-05-02 00:47:28,MÉXICO,4100,4196,96
2025-05-02 00:47:37,Rio de Janeiro,3500,3742,242
2025-05-02 00:47:46,CARIBE,4200,4213,13
2025-05-02 00:47:53,BRASIL,3700,3998,298
2025-05-02 00:47:58,BRASIL,3700,3647,-53
2025-05-02 00:48:08,CARIBE,4200,4004,-196
2025-05-02 00:48:17,MÉXICO,4100,4189,89
2025-05-02 00:48:27,Rio de Janeiro,3500,3764,264
2025-05-02 00:48:36,BRASIL,3700,3727,27
2025-05-02 00:48:46,EUROPA,6400,6475,75
2025-05-02 00:48:53,Rio de Janeiro,3500,3713,213
2025-05-02 00:49:01,MÉXICO,4100,3876,-224
2025-05-02 00:49:08,Rio de Janeiro,3500,3206,-294
2025-05-02 00:49:16,ÁSIA,7200,7480,280
2025-05-02 00:49:26,BRASIL,3700,3678,-22
2025-05-02 00:49:35,BRASIL,3700,3973,273
2025-05-02 00:49:43,CARIBE,4200,4011,-189
2025-05-02 00:49:50,Rio de Janeiro,3500,3740,240
2025-05-02 00:49:55,Rio de Janeiro,3500,3295,-205
2025-05-02 00:50:05,Rio de Janeiro,3500,3437,-63
2025-05-02 00:50:12,EUROPA,6400,6492,92
2025-05-02 00:50:17,EUROPA,6400,6237,-163
2025-05-02 00:50:22,EUROPA,6400,6107,-293
2025-05-02 00:50:32,BRASIL,3700,3548,-152
2025-05-02 00:50:42,ÁSIA,7200,7145,-55
2025-05-02 00:50:51,Rio de Janeiro,3500,3604,104
2025-05-02 00:50:57,MÉXICO,4100,4183,83
2025-05-02 00:51:02,MÉXICO,4100,3816,-284
2025-05-02 00:51:12,CARIBE,4200,4195,-5
2025-05-02 00:51:22,MÉXICO,4100,4110,10
2025-05-02 00:51:27,ÁSIA,7200,7162,-38
2025-05-02 00:51:36,MÉXICO,4100,4066,-34
2025-05-02 00:51:43,Rio de Janeiro,3500,3402,-98
2025-05-02 00:51:50,EUROPA,6400,6676,276
2025-05-02 00:51:55,EUROPA,6400,6371,-29
2025-05-02 00:52:02,EUROPA,6400,6449,49
2025-05-02 00:52:12,CARIBE,4200,3980,-220
2025-05-02 00:52:18,ÁSIA,7200,7186,-14
2025-05-02 00:52:28,EUROPA,6400,6337,-63
2025-05-02 00:52:33,ÁSIA,7200,6978,-222
2025-05-02 00:52:38,BRASIL,3700,3576,-124
2025-05-02 00:52:45,MÉXICO,4100,4243,143
2025-05-02 00:52:51,BRASIL,3700,3713,13
2025-05-02 00:52:56,ÁSIA,7200,7333,133
2025-05-02 00:53:06,BRASIL,3700,3741,41
2025-05-02 00:53:16,EUROPA,6400,6641,241
2025-05-02 00:53:26,MÉXICO,4100,3880,-220
2025-05-02 00:53:33,CARIBE,4200,4371,171
2025-05-02 00:53:43,ÁSIA,7200,7033,-167
2025-05-02 00:53:48,EUROPA,6400,6145,-255
2025-05-02 00:53:58,ÁSIA,7200,7084,-116
2025-05-02 00:54:04,ÁSIA,7200,7495,295
2025-05-02 00:54:13,Rio de Janeiro,3500,3681,181
2025-05-02 00:54:19,MÉXICO,4100,3840,-260
2025-05-02 00:54:28,MÉXICO,4100,4127,27
2025-05-02 00:54:36,EUROPA,6400,6315,-85
2025-05-02 00:54:46,CARIBE,4200,4499,299
2025-05-02 00:54:54,EUROPA,6400,6300,-100
2025-05-02 00:55:00,CARIBE,4200,4251,51
2025-05-02 00:55:06,EUROPA,6400,6652,252
2025-05-02 00:55:15,MÉXICO,4100,3801,-299
2025-05-02 00:55:20,Rio de Janeiro,3500,3385,-115
2025-05-02 00:55:27,MÉXICO,4100,4392,292
2025-05-02 00:55:37,ÁSIA,7200,7342,142
2025-05-02 00:55:45,BRASIL,3700,3823,123
2025-05-02 00:55:54,ÁSIA,7200,7242,42
2025-05-02 00:56:02,EUROPA,6400,6559,159
2025-05-02 00:56:12,EUROPA,6400,6551,151
2025-05-02 00:56:19,Rio de Janeiro,3500,3524,24
2025-05-02 00:56:27,ÁSIA,7200,6906,-294
2025-05-02 00:56:34,CARIBE,4200,4368,168
2025-05-02 00:56:40,MÉXICO,4100,3968,-132
2025-05-02 00:56:46,Rio de Janeiro,3500,3748,248
2025-05-02 00:56:54,Rio de Janeiro,3500,3494,-6
2025-05-02 00:57:03,MÉXICO,4100,4264,164
2025-05-02 00:57:08,BRASIL,3700,3925,225
2025-05-02 00:57:13,CARIBE,4200,4147,-53
2025-05-02 00:57:23,Rio de Janeiro,3500,3658,158
2025-05-02 00:57:29,Rio de Janeiro,3500,3306,-194
2025-05-02 00:57:36,CARIBE,4200,4259,59
2025-05-02 00:57:41,BRASIL,3700,3657,-43
2025-05-02 00:57:47,MÉXICO,4100,4132,32
2025-05-02 00:57:56,Rio de Janeiro,3500,3469,-31
2025-05-02 00:58:01,MÉXICO,4100,4378,278
2025-05-02 00:58:09,EUROPA,6400,6191,-209
2025-05-02 00:58:16,Rio de Janeiro,3500,3324,-176
2025-05-02 00:58:26,MÉXICO,4100,3837,-263
2025-05-02 00:58:36,BRASIL,3700,3610,-90
2025-05-02 00:58:45,MÉXICO,4100,3941,-159
2025-05-02 00:58:51,Rio de Janeiro,3500,3402,-98
2025-05-02 00:59:00,Rio de Janeiro,3500,3712,212
2025-05-02 00:59:10,CARIBE,4200,4201,1
2025-05-02 00:59:17,MÉXICO,4100,4268,168
2025-05-02 00:59:25,EUROPA,6400,6593,193
2025-05-02 00:59:35,ÁSIA,7200,7459,259
2025-05-02 00:59:43,BRASIL,3700,3942,242
2025-05-02 00:59:53,ÁSIA,7200,7212,12
2025-05-02 01:00:03,CARIBE,4200,4465,265
2025-05-02 01:00:08,CARIBE,4200,4261,61
2025-05-02 01:00:18,BRASIL,3700,3501,-199
2025-05-02 01:00:23,EUROPA,6400,6534,134
2025-05-02 01:00:33,Rio de Janeiro,3500,3243,-257
2025-05-02 01:00:38,ÁSIA,7200,7422,222
2025-05-02 01:00:49,ÁSIA,7200,7070,-130
2025-05-02 01:00:58,MÉXICO,4100,4115,15
2025-05-02 01:01:08,EUROPA,6400,6420,20
2025-05-02 01:01:18,BRASIL,3700,3747,47
2025-05-02 01:01:24,Rio de Janeiro,3500,3283,-217
2025-05-02 01:01:29,CARIBE,4200,3926,-274
2025-05-02 01:01:34,CARIBE,4200,3936,-264
2025-05-02 01:01:42,EUROPA,6400,6570,170
2025-05-02 01:01:47,EUROPA,6400,6199,-201
2025-05-02 01:01:52,BRASIL,3700,3989,289
2025-05-02 01:01:57,MÉXICO,4100,3837,-263
2025-05-02 01:02:05,MÉXICO,4100,3865,-235
2025-05-02 01:02:15,EUROPA,6400,6105,-295
2025-05-02 01:02:23,BRASIL,3700,3972,272
2025-05-02 01:02:30,ÁSIA,7200,7284,84
2025-05-02 01:02:36,EUROPA,6400,6140,-260
2025-05-02 01:02:44,EUROPA,6400,6455,55
2025-05-02 01:02:54,BRASIL,3700,3588,-112
2025-05-02 01:03:04,Rio de Janeiro,3500,3433,-67
2025-05-02 01:03:14,MÉXICO,4100,4328,228
2025-05-02 01:03:22,CARIBE,4200,3968,-232
2025-05-02 01:03:31,CARIBE,4200,4468,268
2025-05-02 01:03:40,MÉXICO,4100,3856,-244
2025-05-02 01:03:47,EUROPA,6400,6375,-25
2025-05-02 01:03:54,EUROPA,6400,6500,100
2025-05-02 01:04:02,ÁSIA,7200,7415,215
2025-05-02 01:04:07,BRASIL,3700,3745,45
2025-05-02 01:04:13,MÉXICO,4100,4320,220
2025-05-02 01:04:19,CARIBE,4200,4059,-141
2025-05-02 01:04:24,ÁSIA,7200,6995,-205
2025-05-02 01:04:34,ÁSIA,7200,7375,175
2025-05-02 01:04:40,ÁSIA,7200,7021,-179
2025-05-02 01:04:45,EUROPA,6400,6217,-183
2025-05-02 01:04:52,CARIBE,4200,4337,137
2025-05-02 01:04:57,EUROPA,6400,6473,73
2025-05-02 01:05:04,EUROPA,6400,6339,-61
2025-05-02 01:05:14,BRASIL,3700,3915,215
2025-05-02 01:05:21,EUROPA,6400,6605,205
2025-05-02 01:05:28,BRASIL,3700,3436,-264
2025-05-02 01:05:38,Rio de Janeiro,3500,3535,35
2025-05-02 01:05:45,CARIBE,4200,4473,273
2025-05-02 01:05:53,Rio de Janeiro,3500,3522,22
2025-05-02 01:05:59,ÁSIA,7200,7269,69
2025-05-02 01:06:08,MÉXICO,4100,3929,-171
2025-05-02 01:06:16,ÁSIA,7200,7093,-107
2025-05-02 01:06:23,CARIBE,4200,4324,124
2025-05-02 01:06:30,BRASIL,3700,3771,71
2025-05-02 01:06:39,ÁSIA,7200,7057,-143
2025-05-02 01:06:46,CARIBE,4200,4286,86
2025-05-02 01:06:55,CARIBE,4200,3924,-276
2025-05-02 01:07:05,CARIBE,4200,3939,-261
2025-05-02 01:07:14,Rio de Janeiro,3500,3248,-252
2025-05-02 01:07:20,Rio de Janeiro,3500,3538,38
2025-05-02 01:07:25,BRASIL,3700,3805,105
2025-05-02 01:07:34,MÉXICO,4100,3929,-171
2025-05-02 01:07:39,MÉXICO,4100,3974,-126
2025-05-02 01:07:48,BRASIL,3700,3446,-254
2025-05-02 01:07:58,ÁSIA,7200,7382,182
2025-05-02 01:08:08,BRASIL,3700,3845,145
2025-05-02 01:08:14,BRASIL,3700,3853,153
2025-05-02 01:08:19,ÁSIA,7200,7429,229
2025-05-02 01:08:25,BRASIL,3700,3589,-111
2025-05-02 01:08:32,CARIBE,4200,4378,178
2025-05-02 01:08:38,Rio de Janeiro,3500,3359,-141
2025-05-02 01:08:47,Rio de Janeiro,3500,3585,85
2025-05-02 01:08:53,Rio de Janeiro,3500,3486,-14
2025-05-02 01:08:59,Rio de Janeiro,3500,3785,285
2025-05-02 01:09:09,BRASIL,3700,3785,85
2025-05-02 01:09:16,EUROPA,6400,6500,100
2025-05-02 01:09:21,EUROPA,6400,6695,295
2025-05-02 01:09:28,EUROPA,6400,6301,-99
2025-05-02 01:09:34,ÁSIA,7200,7409,209
2025-05-02 01:09:39,MÉXICO,4100,4077,-23
2025-05-02 01:09:46,CARIBE,4200,4424,224
2025-05-02 01:09:52,ÁSIA,7200,7254,54
2025-05-02 01:10:02,CARIBE,4200,4064,-136
2025-05-02 01:10:09,ÁSIA,7200,7264,64
2025-05-02 01:10:19,ÁSIA,7200,7269,69
2025-05-02 01:10:28,ÁSIA,7200,6913,-287
2025-05-02 01:10:33,EUROPA,6400,6674,274
2025-05-02 01:10:40,Rio de Janeiro,3500,3625,125
2025-05-02 01:10:49,BRASIL,3700,3647,-53
2025-05-02 01:10:56,ÁSIA,7200,7395,195
2025-05-02 01:11:03,BRASIL,3700,3963,263
2025-05-02 01:11:13,MÉXICO,4100,4383,283
2025-05-02 01:11:20,BRASIL,3700,3968,268
2025-05-02 01:11:28,EUROPA,6400,6139,-261
2025-05-02 01:11:35,ÁSIA,7200,7362,162
2025-05-02 01:11:43,MÉXICO,4100,3891,-209
2025-05-02 01:11:49,EUROPA,6400,6672,272
2025-05-02 01:11:56,EUROPA,6400,6140,-260
2025-05-02 01:12:06,MÉXICO,4100,4043,-57
2025-05-02 01:12:15,ÁSIA,7200,7153,-47
2025-05-02 01:12:21,CARIBE,4200,4449,249
2025-05-02 01:12:31,ÁSIA,7200,7433,233
2025-05-02 01:12:38,MÉXICO,4100,4223,123
2025-05-02 01:12:45,Rio de Janeiro,3500,3380,-120
2025-05-02 01:12:55,BRASIL,3700,3967,267
2025-05-02 01:13:02,Rio de Janeiro,3500,3517,17
2025-05-02 01:13:09,Rio de Janeiro,3500,3545,45
2025-05-02 01:13:14,Rio de Janeiro,3500,3490,-10
2025-05-02 01:13:23,ÁSIA,7200,7471,271
2025-05-02 01:13:32,ÁSIA,7200,7315,115
2025-05-02 01:13:38,CARIBE,4200,4282,82
2025-05-02 01:13:43,CARIBE,4200,4376,176
2025-05-02 01:13:50,MÉXICO,4100,4133,33
2025-05-02 01:13:58,ÁSIA,7200,6915,-285
2025-05-02 01:14:05,Rio de Janeiro,3500,3584,84
2025-05-02 01:14:10,CARIBE,4200,4271,71
2025-05-02 01:14:20,BRASIL,3700,3581,-119
2025-05-02 01:14:26,Rio de Janeiro,3500,3597,97
2025-05-02 01:14:35,ÁSIA,7200,6982,-218
2025-05-02 01:14:44,ÁSIA,7200,7162,-38
2025-05-02 01:14:52,MÉXICO,4100,4228,128
2025-05-02 01:15:01,BRASIL,3700,3505,-195
2025-05-02 01:15:09,CARIBE,4200,4420,220
2025-05-02 01:15:16,MÉXICO,4100,4052,-48
2025-05-02 01:15:26,Rio de Janeiro,3500,3395,-105
2025-05-02 01:15:35,ÁSIA,7200,6983,-217
2025-05-02 01:15:43,Rio de Janeiro,3500,3711,211
2025-05-02 01:15:48,BRASIL,3700,3789,89
2025-05-02 01:15:55,MÉXICO,4100,4098,-2
2025-05-02 01:16:05,MÉXICO,4100,3810,-290
2025-05-02 01:16:15,ÁSIA,7200,7029,-171
2025-05-02 01:16:21,ÁSIA,7200,6984,-216
2025-05-02 01:16:31,EUROPA,6400,6700,300
2025-05-02 01:16:38,ÁSIA,7200,7249,49
2025-05-02 01:16:46,BRASIL,3700,3719,19
2025-05-02 01:16:54,Rio de Janeiro,3500,3247,-253
2025-05-02 01:17:00,CARIBE,4200,4386,186
2025-05-02 01:17:08,BRASIL,3700,3549,-151
2025-05-02 01:17:17,BRASIL,3700,3433,-267
2025-05-02 09:58:21,EUROPA,6400,6654,254
2025-05-02 09:58:30,BRASIL,3700,3822,122
2025-05-02 09:58:37,EUROPA,6400,6269,-131
2025-05-02 09:58:43,ÁSIA,7200,7179,-21
2025-05-02 09:58:52,ÁSIA,7200,7057,-143
2025-05-02 09:58:58,EUROPA,6400,6549,149
2025-05-02 09:59:06,EUROPA,6400,6666,266
2025-05-02 09:59:12,Rio de Janeiro,3500,3499,-1
2025-05-02 09:59:19,CARIBE,4200,4088,-112
2025-05-02 09:59:26,EUROPA,6400,6250,-150
2025-05-02 09:59:34,ÁSIA,7200,7436,236
2025-05-06 21:18:40,ÁSIA,7200,7235,35
2025-05-06 21:18:48,Rio de Janeiro,3500,3259,-241
2025-05-06 21:18:57,MÉXICO,4100,3882,-218
2025-05-06 21:19:03,EUROPA,6400,6673,273
2025-05-06 21:19:10,MÉXICO,4100,4018,-82
2025-05-06 21:19:20,Rio de Janeiro,3500,3585,85
2025-05-06 21:19:29,ÁSIA,7200,7266,66
2025-05-06 21:19:38,MÉXICO,4100,4269,169
2025-05-06 21:19:44,Rio de Janeiro,3500,3726,226
2025-05-06 21:19:51,EUROPA,6400,6151,-249
2025-05-06 21:19:59,CARIBE,4200,4227,27
2025-05-06 21:20:04,BRASIL,3700,3789,89
2025-05-06 21:20:13,Rio de Janeiro,3500,3750,250
2025-05-06 21:20:23,BRASIL,3700,3483,-217
2025-05-06 21:20:28,ÁSIA,7200,7395,195
2025-05-06 21:20:33,ÁSIA,7200,7087,-113
2025-05-06 21:20:40,BRASIL,3700,3439,-261
2025-05-06 21:20:46,BRASIL,3700,3909,209
2025-05-06 21:20:52,EUROPA,6400,6591,191
2025-05-06 21:21:02,BRASIL,3700,3886,186
2025-05-06 21:21:12,BRASIL,3700,3617,-83
2025-05-06 21:21:19,CARIBE,4200,4001,-199
2025-05-06 21:21:29,CARIBE,4200,4361,161
2025-05-06 21:21:35,Rio de Janeiro,3500,3550,50
2025-05-06 21:21:44,MÉXICO,4100,4314,214
2025-05-06 21:21:52,EUROPA,6400,6453,53
2025-05-06 21:22:00,CARIBE,4200,4010,-190
2025-05-06 21:22:05,BRASIL,3700,3428,-272
2025-05-06 21:22:13,EUROPA,6400,6690,290
2025-05-06 21:22:23,MÉXICO,4100,4094,-6
2025-05-06 21:22:30,BRASIL,3700,3785,85
2025-05-06 21:22:35,ÁSIA,7200,7202,2
2025-05-06 21:22:43,EUROPA,6400,6342,-58
2025-05-06 21:22:50,ÁSIA,7200,7311,111
2025-05-06 21:22:56,Rio de Janeiro,3500,3360,-140
2025-05-06 21:23:02,MÉXICO,4100,3892,-208
2025-05-06 21:23:10,CARIBE,4200,4023,-177
2025-05-06 21:23:19,BRASIL,3700,3505,-195
2025-05-06 21:23:24,Rio de Janeiro,3500,3620,120
2025-05-06 21:23:33,CARIBE,4200,4294,94
2025-05-06 21:23:43,CARIBE,4200,4109,-91
2025-05-06 21:23:50,BRASIL,3700,3640,-60
2025-05-06 21:23:55,Rio de Janeiro,3500,3441,-59
2025-05-06 21:24:02,ÁSIA,7200,7411,211
2025-05-06 21:24:09,EUROPA,6400,6145,-255
2025-05-06 21:24:18,BRASIL,3700,3418,-282
2025-05-06 21:24:26,BRASIL,3700,3787,87
2025-05-06 21:24:33,EUROPA,6400,6518,118
2025-05-06 21:24:39,Rio de Janeiro,3500,3331,-169
2025-05-06 21:24:47,BRASIL,3700,3935,235
2025-05-06 21:24:52,EUROPA,6400,6443,43
2025-05-06 21:24:57,MÉXICO,4100,3906,-194
2025-05-06 21:25:02,Rio de Janeiro,3500,3763,263
2025-05-06 21:25:12,CARIBE,4200,4034,-166
2025-05-06 21:25:20,Rio de Janeiro,3500,3647,147
2025-05-06 21:25:30,MÉXICO,4100,4203,103
2025-05-06 21:25:40,BRASIL,3700,3934,234
2025-05-06 21:25:47,MÉXICO,4100,3979,-121
2025-05-06 21:25:52,ÁSIA,7200,7053,-147
2025-05-06 21:25:59,BRASIL,3700,3870,170
2025-05-06 21:26:04,ÁSIA,7200,7432,232
2025-05-06 21:26:14,EUROPA,6400,6277,-123
2025-05-06 21:26:21,BRASIL,3700,3822,122
2025-05-06 21:26:30,BRASIL,3700,3996,296
2025-05-06 21:26:40,MÉXICO,4100,4206,106
2025-05-06 21:26:46,BRASIL,3700,3452,-248
2025-05-06 21:26:55,EUROPA,6400,6505,105
2025-05-06 21:27:04,Rio de Janeiro,3500,3365,-135
2025-05-06 21:27:09,BRASIL,3700,3923,223
2025-05-06 21:27:15,EUROPA,6400,6403,3
2025-05-06 21:27:20,EUROPA,6400,6441,41
2025-05-06 21:27:30,ÁSIA,7200,7185,-15
2025-05-06 21:27:40,CARIBE,4200,4292,92
2025-05-06 21:27:47,Rio de Janeiro,3500,3233,-267
2025-05-06 21:27:56,Rio de Janeiro,3500,3228,-272
2025-05-06 21:28:01,EUROPA,6400,6661,261
2025-05-06 21:28:07,ÁSIA,7200,7003,-197
2025-05-06 21:28:15,EUROPA,6400,6524,124
2025-05-06 21:28:23,ÁSIA,7200,7067,-133
2025-05-06 21:28:31,MÉXICO,4100,4343,243
2025-05-06 21:28:36,EUROPA,6400,6563,163
2025-05-06 21:28:44,EUROPA,6400,6297,-103
2025-05-06 21:28:50,Rio de Janeiro,3500,3215,-285
2025-05-06 21:28:59,Rio de Janeiro,3500,3211,-289
2025-05-06 21:29:08,EUROPA,6400,6632,232
2025-05-06 21:29:17,BRASIL,3700,3667,-33
2025-05-06 21:29:25,Rio de Janeiro,3500,3226,-274
2025-05-06 21:29:32,CARIBE,4200,3911,-289
2025-05-06 21:29:39,ÁSIA,7200,7249,49
2025-05-06 21:29:45,CARIBE,4200,4371,171
2025-05-06 21:29:50,MÉXICO,4100,4354,254
2025-05-06 21:29:55,CARIBE,4200,4003,-197
2025-05-06 21:30:01,Rio de Janeiro,3500,3481,-19
2025-05-06 21:30:12,Rio de Janeiro,3500,3692,192
2025-05-06 21:30:17,BRASIL,3700,3830,130
2025-05-06 21:30:22,EUROPA,6400,6182,-218
2025-05-06 21:30:30,MÉXICO,4100,4234,134
2025-05-06 21:30:40,ÁSIA,7200,7330,130
2025-05-06 21:30:49,BRASIL,3700,3801,101
2025-05-06 21:30:54,CARIBE,4200,4356,156
2025-05-06 21:31:00,EUROPA,6400,6408,8
2025-05-06 21:31:08,MÉXICO,4100,4397,297
2025-05-06 21:31:14,Rio de Janeiro,3500,3421,-79
2025-05-06 21:31:19,ÁSIA,7200,7460,260
2025-05-06 21:31:26,ÁSIA,7200,7266,66
2025-05-06 21:31:33,EUROPA,6400,6118,-282
2025-05-06 21:31:43,EUROPA,6400,6165,-235
2025-05-06 21:31:51,MÉXICO,4100,4264,164
2025-05-06 21:32:01,BRASIL,3700,3648,-52
2025-05-06 21:32:09,EUROPA,6400,6666,266
2025-05-06 21:32:15,ÁSIA,7200,7170,-30
2025-05-06 21:32:23,CARIBE,4200,4300,100
2025-05-06 21:32:32,BRASIL,3700,3873,173
2025-05-06 21:32:38,BRASIL,3700,3625,-75
2025-05-06 21:32:43,CARIBE,4200,4324,124
2025-05-06 21:32:51,ÁSIA,7200,7362,162
2025-05-06 21:32:57,Rio de Janeiro,3500,3270,-230
2025-05-06 21:33:05,MÉXICO,4100,4148,48
2025-05-06 21:33:11,CARIBE,4200,4461,261
2025-05-06 21:33:20,ÁSIA,7200,6974,-226
2025-05-06 21:33:25,ÁSIA,7200,6937,-263
2025-05-06 21:33:33,MÉXICO,4100,4358,258
2025-05-06 21:33:39,BRASIL,3700,3419,-281
2025-05-06 21:33:45,BRASIL,3700,3782,82
2025-05-06 21:33:51,Rio de Janeiro,3500,3243,-257
2025-05-06 21:33:56,CARIBE,4200,4475,275
2025-05-06 21:34:01,BRASIL,3700,3560,-140
2025-05-06 21:34:10,EUROPA,6400,6249,-151
2025-05-06 21:34:19,EUROPA,6400,6304,-96
2025-05-06 21:34:28,EUROPA,6400,6298,-102
2025-05-06 21:34:36,CARIBE,4200,4159,-41
2025-05-06 21:34:45,CARIBE,4200,4374,174
2025-05-06 21:34:53,Rio de Janeiro,3500,3447,-53
2025-05-06 21:35:03,BRASIL,3700,3635,-65
2025-05-06 21:35:11,ÁSIA,7200,7145,-55
2025-05-06 21:35:17,Rio de Janeiro,3500,3686,186
2025-05-06 21:35:24,CARIBE,4200,4308,108
2025-05-06 21:35:33,EUROPA,6400,6340,-60
2025-05-06 21:35:39,CARIBE,4200,4474,274
2025-05-06 21:35:48,EUROPA,6400,6225,-175
2025-05-06 21:35:55,EUROPA,6400,6599,199
2025-05-06 21:36:00,BRASIL,3700,3903,203
2025-05-06 21:36:26,BRASIL,3700,3597,-103
2025-05-06 21:36:32,CARIBE,4200,4423,223
2025-05-06 21:36:41,Rio de Janeiro,3500,3496,-4
2025-05-06 21:36:46,CARIBE,4200,4209,9
2025-05-06 21:36:53,MÉXICO,4100,4031,-69
2025-05-06 21:37:01,ÁSIA,7200,7056,-144
2025-05-06 21:37:10,CARIBE,4200,4051,-149
2025-05-06 21:37:17,ÁSIA,7200,6917,-283
2025-05-06 21:37:26,EUROPA,6400,6277,-123
2025-05-06 21:37:35,Rio de Janeiro,3500,3508,8
2025-05-06 21:37:43,Rio de Janeiro,3500,3662,162
2025-05-06 21:37:51,CARIBE,4200,4312,112
2025-05-06 21:38:01,EUROPA,6400,6673,273
2025-05-06 21:38:10,ÁSIA,7200,7312,112
2025-05-06 21:38:19,CARIBE,4200,4111,-89
2025-05-06 21:38:27,MÉXICO,4100,3856,-244
2025-05-06 21:38:33,CARIBE,4200,4046,-154
2025-05-06 21:38:40,Rio de Janeiro,3500,3550,50
2025-05-06 21:38:46,MÉXICO,4100,4228,128
2025-05-06 21:38:52,CARIBE,4200,3938,-262
2025-05-06 21:38:57,EUROPA,6400,6550,150
2025-05-06 21:39:03,ÁSIA,7200,7393,193
2025-05-06 21:39:13,CARIBE,4200,4440,240
2025-05-06 21:39:22,CARIBE,4200,4161,-39
2025-05-06 21:39:28,ÁSIA,7200,6998,-202
2025-05-06 21:39:36,MÉXICO,4100,4234,134
2025-05-06 21:39:43,EUROPA,6400,6108,-292
2025-05-06 21:39:48,ÁSIA,7200,7346,146
2025-05-06 21:39:57,MÉXICO,4100,4150,50
2025-05-06 21:40:02,CARIBE,4200,4236,36
2025-05-06 21:40:10,EUROPA,6400,6113,-287
2025-05-06 21:40:17,BRASIL,3700,3580,-120
2025-05-06 21:40:24,EUROPA,6400,6580,180
2025-05-06 21:40:32,ÁSIA,7200,7240,40
2025-05-06 21:40:38,EUROPA,6400,6267,-133
2025-05-06 21:40:44,BRASIL,3700,3746,46
2025-05-06 21:40:51,EUROPA,6400,6271,-129
2025-05-06 21:40:59,CARIBE,4200,4007,-193
2025-05-06 21:41:06,EUROPA,6400,6377,-23
2025-05-06 21:41:11,BRASIL,3700,3816,116
2025-05-06 21:41:18,Rio de Janeiro,3500,3736,236
2025-05-06 21:41:25,CARIBE,4200,4426,226
2025-05-06 21:41:32,CARIBE,4200,4129,-71
2025-05-06 21:41:41,ÁSIA,7200,7069,-131
2025-05-06 21:41:46,CARIBE,4200,4298,98
2025-05-06 21:41:51,EUROPA,6400,6418,18
2025-05-06 21:41:59,Rio de Janeiro,3500,3721,221
2025-05-06 21:42:06,MÉXICO,4100,4217,117
2025-05-06 21:42:14,Rio de Janeiro,3500,3370,-130
2025-05-06 21:42:24,Rio de Janeiro,3500,3413,-87
2025-05-06 21:42:34,EUROPA,6400,6238,-162
2025-05-06 21:42:40,ÁSIA,7200,6945,-255
2025-05-06 21:42:47,MÉXICO,4100,3834,-266
2025-05-06 21:42:56,EUROPA,6400,6387,-13
2025-05-06 21:43:05,MÉXICO,4100,3903,-197
2025-05-06 21:43:15,BRASIL,3700,3665,-35
2025-05-06 21:43:25,Rio de Janeiro,3500,3640,140
2025-05-06 21:43:35,ÁSIA,7200,7078,-122
2025-05-06 21:43:42,CARIBE,4200,4278,78
2025-05-06 21:43:50,CARIBE,4200,4147,-53
2025-05-06 21:43:58,EUROPA,6400,6494,94
2025-05-06 21:44:08,ÁSIA,7200,7471,271
2025-05-06 21:44:13,EUROPA,6400,6475,75
2025-05-06 21:44:18,MÉXICO,4100,4245,145
2025-05-06 21:44:27,Rio de Janeiro,3500,3679,179
2025-05-06 21:44:35,EUROPA,6400,6438,38
2025-05-06 21:44:44,MÉXICO,4100,4033,-67
2025-05-06 21:44:52,EUROPA,6400,6263,-137
2025-05-06 21:44:58,EUROPA,6400,6490,90
2025-05-06 21:45:06,ÁSIA,7200,7345,145
2025-05-06 21:45:11,Rio de Janeiro,3500,3470,-30
2025-05-06 21:45:17,Rio de Janeiro,3500,3782,282
2025-05-06 21:45:27,ÁSIA,7200,7342,142
2025-05-06 21:45:33,EUROPA,6400,6331,-69
2025-05-06 21:45:43,Rio de Janeiro,3500,3615,115
2025-05-06 21:45:50,Rio de Janeiro,3500,3653,153
2025-05-06 21:46:00,EUROPA,6400,6185,-215
2025-05-06 21:46:06,CARIBE,4200,4240,40
2025-05-06 21:46:14,Rio de Janeiro,3500,3375,-125
2025-05-06 21:46:24,EUROPA,6400,6153,-247
2025-05-06 21:46:31,BRASIL,3700,3669,-31
2025-05-06 21:46:37,MÉXICO,4100,3944,-156
2025-05-06 21:46:45,CARIBE,4200,4162,-38
2025-05-06 21:46:52,BRASIL,3700,3793,93
2025-05-06 21:46:58,EUROPA,6400,6627,227
2025-05-06 21:47:03,Rio de Janeiro,3500,3275,-225
2025-05-06 21:47:12,EUROPA,6400,6423,23
